157
3 7 3 3 7 3 3
3 3 5 5 1 5 5
3 3 5 5 2 5 4
3 5 2 2 5 3 3
50 1 1 1 1 1 1 1 1 1 1 1 1 1 1 1 1 1 1 1 1 1 1 1 1 1 1 1 1 1 1 1 1 1 1 1 1 1 1 1 1 1 1 1 1 1 1 1 1 1 1 1 1 1 1 1 1 1 1 1 1 1 1 1 1 1 1 1 1 1 1 1 1 1 1 1 1 1 1 1 1 1 1 1 1 1 1 1 1 1 1 1 1 1 1 1 1 1 1 1 1
9 1 2 2 3 3 4 4 5 5 6 6 7 7 8 8 9 9 10
9 1 2 2 3 3 4 4 5 5 6 6 7 7 8 8 9 9 1
1 1 1000
1 1000 1000
1 1000 1
2 1000 1 1 1000
10 1 2 2 2 3 2 4 2 5 2 1 1 2 2 3 3 4 4 5 5
20 101 202 202 303 303 404 404 505 505 101 101 303 202 404 303 505 404 101 505 202 101 404 202 505 303 101 404 202 505 303 101 101 202 202 303 303 404 404 505 505
23 101 202 202 303 303 404 404 505 505 101 101 303 202 404 303 505 404 101 505 202 101 404 202 505 303 101 404 202 505 303 101 101 202 202 303 303 404 404 505 505 1000 303 303 909 202 202
2 1 1 1000 1000
2 1 5 1 5
8 1 4 1 5 1 6 5 1 5 2 5 3 4 2 6 3
4 1 2 3 4 1 3 4 2
32 507 158 759 759 158 461 759 767 438 767 438 438 507 767 461 507 507 461 461 158 759 507 767 759 438 759 158 767 438 461 461 759 759 767 158 158 507 507 759 158 767 767 767 759 767 507 759 767 767 507 158 438 158 767 158 461 507 759 759 461 759 438 759 767
26 381 133 630 691 388 133 431 384 515 525 725 882 221 366 820 630 188 923 903 221 133 429 384 367 132 820 975 431 709 188 882 471 471 975 923 515 383 381 366 709 133 903 525 383 67 725 367 67 691 132 429 388
39 211 857 96 418 41 41 131 292 303 418 503 348 348 903 292 76 96 794 131 96 903 303 292 775 812 406 406 195 903 67 406 895 76 440 775 41 41 430 775 41 895 406 292 131 418 440 418 812 819 503 440 96 195 775 41 903 812 819 903 292 131 406 430 812 67 131 406 903 440 48 48 211 348 292 794 348 857 131
32 735 53 469 855 890 890 245 635 469 635 245 245 855 405 53 635 890 469 469 909 763 245 909 20 53 245 20 320 763 469 320 469 735 855 635 735 909 53 580 909 469 890 855 53 53 735 245 763 735 735 635 53 635 580 635 469 53 635 580 580 405 469 469 763
29 362 21 269 914 269 21 914 789 701 269 269 362 709 53 21 269 709 269 362 709 269 621 269 269 789 709 914 529 789 914 621 529 529 789 993 21 529 993 529 993 21 789 789 529 709 362 993 789 53 701 529 993 21 709 993 529 789 269
31 416 985 18 985 746 764 18 18 738 746 746 18 632 764 946 163 764 18 18 746 416 632 960 416 985 416 764 946 416 960 788 960 985 946 985 416 163 788 18 18 746 985 788 59 18 946 960 746 985 18 59 788 788 985 985 985 946 788 416 416 946 738
28 513 231 763 546 632 763 632 928 422 763 143 143 763 608 799 422 546 763 928 632 939 546 546 939 939 939 939 928 928 608 608 799 143 231 799 143 231 939 231 231 143 231 763 632 763 939 231 763 608 143 608 608 939 513 231 799
35 874 807 746 455 263 263 455 345 345 807 392 345 807 872 455 345 345 455 345 874 807 392 345 746 968 746 263 455 20 392 345 79 746 79 882 882 746 807 455 807 79 746 807 345 746 807 867 263 807 79 807 874 874 746 79 345 758 867 387 20 872 746 746 387 392 758 79 968 392 392
16 928 281 604 632 892 841 841 632 892 892 841 604 892 841 841 892 841 841 604 604 928 632 632 892 632 928 632 928 281 841 604 604
38 639 639 639 747 981 639 747 423 482 639 747 981 747 747 423 747 639 747 981 423 747 747 747 639 639 482 747 482 747 747 482 981 482 639 482 639 747 423 423 423 423 482 423 482 423 747 747 747 639 747 981 423 423 423 639 423 747 423 981 482 423 747 747 639 639 981 981 981 747 747 639 747 482 639 423 981
19 438 91 375 174 91 91 91 640 640 375 886 438 640 783 91 621 561 640 438 640 375 91 783 375 438 886 174 561 91 375 561 91 640 438 621 561 375 438
27 181 308 181 181 181 146 308 146 181 181 181 308 146 146 308 181 146 181 308 308 146 181 308 308 181 181 146 181 146 146 146 308 181 308 308 181 181 308 181 146 146 181 181 308 181 146 308 181 308 181 308 146 181 181
42 734 311 654 654 453 377 311 734 734 304 377 734 377 453 311 734 304 304 734 453 734 654 304 734 311 377 453 377 654 377 453 654 304 311 311 304 304 654 377 304 453 453 311 654 654 311 304 453 377 734 654 654 311 377 377 377 654 311 377 377 377 377 654 311 377 304 453 304 654 654 734 654 304 311 377 453 654 453 453 453 734 377 453 734
20 350 350 397 397 397 606 356 591 632 606 249 606 350 249 606 505 397 632 505 356 606 397 356 356 591 632 632 350 356 356 632 356 606 397 606 632 356 591 591 606
40 691 705 39 691 835 203 203 691 39 705 691 691 705 203 691 16 203 39 203 39 203 835 705 835 203 835 16 705 705 16 835 39 203 16 705 203 705 691 16 705 705 705 16 691 691 16 705 705 203 705 691 835 691 203 39 203 691 203 705 203 705 691 705 203 835 39 16 705 16 705 691 16 835 691 203 691 39 705 16 16
46 232 177 183 547 869 869 177 452 403 416 869 183 452 792 395 704 403 232 792 183 637 403 477 477 919 637 416 637 452 232 383 626 232 919 919 395 792 792 869 477 183 869 626 350 416 626 637 177 792 183 416 416 477 280 477 280 280 383 626 183 626 792 280 477 452 919 637 383 416 403 704 452 383 383 869 869 280 452 792 626 547 792 350 637 177 280 383 869 183 416 183 416
25 977 977 977 838 838 838 488 977 838 977 838 488 838 977 488 977 977 977 488 977 977 977 977 838 838 838 977 838 488 838 838 488 488 977 977 488 977 838 977 488 838 838 977 977 977 838 838 977 838 488
10 540 947 266 266 266 540 266 266 266 266 266 266 266 266 266 266 266 266 947 266
46 435 435 435 435 147 435 147 435 253 26 26 435 253 435 253 26 943 26 26 943 26 147 147 26 435 435 435 253 253 253 435 147 435 147 26 253 435 435 253 147 943 943 435 943 26 147 26 943 435 26 435 435 943 435 435 253 943 435 943 435 253 147 26 943 147 253 26 26 253 26 943 943 943 253 943 26 435 253 147 147 147 943 943 435 253 253 435 943 147 26 26 943
39 168 870 870 374 870 219 219 168 374 168 870 151 374 702 374 702 870 151 702 374 151 702 374 219 870 870 151 870 870 870 702 374 151 374 168 870 870 168 151 168 702 168 702 151 168 870 219 870 168 219 374 702 151 168 870 870 168 702 168 374 374 702 219 870 870 151 702 168 168 374 702 151 870 374 374 870 168 168
24 99 807 703 99 703 855 855 202 703 703 202 703 855 752 807 703 99 807 807 202 703 855 855 99 202 807 752 855 752 855 202 202 202 202 807 703 703 703 202 202 807 703 703 807 807 807 855 752
24 584 879 206 584 129 206 129 879 200 671 584 69 206 538 71 671 879 206 476 538 538 71 879 584 671 739 538 584 476 71 206 129 206 200 71 476 671 206 69 838 584 129 739 206 838 476 476 476
41 840 483 612 531 218 218 90 840 200 620 292 528 516 90 483 516 612 292 620 556 612 556 304 200 556 528 531 612 90 620 46 840 483 200 200 516 556 556 840 271 830 612 292 516 218 620 90 292 516 417 417 840 556 304 200 840 271 90 528 483 620 304 46 612 620 218 304 46 840 830 556 200 840 304 516 556 304 90 528 46 304 304
1 7 7
43 114 389 18 18 151 151 501 18 59 59 389 151 151 114 18 501 59 151 255 59 654 111 18 501 384 501 389 255 528 59 59 199 199 114 18 528 199 114 151 199 151 501 701 199 528 528 389 701 59 111 114 114 114 501 111 151 199 59 59 151 151 528 111 111 501 59 501 151 151 654 18 384 111 384 111 59 501 389 59 18 114 111 528 389 501 18
10 64 260 64 346 64 346 346 64 346 346 64 64 552 260 64 64 260 552 346 64
37 623 317 594 20 251 317 20 44 726 405 20 44 251 20 623 726 259 594 623 726 726 594 251 20 517 317 317 113 43 405 594 20 43 517 517 43 259 623 113 113 317 623 405 405 405 517 113 517 594 259 251 44 20 259 517 251 44 251 317 517 726 726 44 251 405 317 517 113 20 43 113 251 317 594
20 342 342 896 442 734 460 460 610 896 896 610 896 533 610 442 533 442 342 610 533 610 896 896 896 40 610 610 610 342 40 734 734 896 610 610 460 533 442 460 896
12 170 83 817 170 170 83 170 170 170 817 170 817 817 817 83 170 817 817 817 817 817 170 817 817
38 623 805 623 623 623 623 87 137 805 428 895 895 623 902 805 502 137 895 87 902 87 87 623 137 805 895 428 805 137 805 895 902 137 805 805 623 902 805 805 137 502 137 895 895 805 137 137 87 902 623 623 895 895 137 137 87 902 902 895 87 902 623 87 137 428 137 137 428 902 805 805 623 137 502 137 805
26 700 842 153 764 764 881 551 896 700 700 881 712 551 842 896 201 419 317 700 881 764 896 881 153 153 764 896 896 842 551 842 764 201 551 201 201 712 201 842 700 896 842 764 700 896 419 896 153 201 896 317 712
32 445 445 828 289 809 269 289 269 269 809 269 856 546 546 809 445 809 856 856 856 546 809 269 108 289 809 809 856 809 269 445 809 856 289 856 289 108 828 289 762 289 828 546 546 546 856 269 269 828 856 856 546 445 445 546 828 108 546 828 108 856 809 856 289
19 56 50 56 50 625 398 50 56 398 748 625 625 56 398 50 147 647 50 147 398 647 625 50 625 625 398 398 647 625 647 56 625 748 147 147 56 398 56
8 167 904 603 167 603 603 603 603 904 904 167 603 167 167 603 603
28 472 894 568 472 472 663 894 992 568 992 472 568 568 472 630 630 992 663 992 827 827 321 992 992 433 894 663 663 992 568 663 472 321 123 827 433 992 472 472 992 558 827 894 415 433 992 415 558 663 663 123 568 558 558 472 433
5 834 119 755 834 755 755 755 834 834 755
21 689 689 427 689 846 846 689 215 299 92 427 846 92 299 846 92 62 427 689 846 92 92 846 427 689 689 92 92 92 62 2 62 62 92 2 2 299 2 92 299 215 92
36 759 69 304 69 759 759 32 32 304 829 69 304 163 32 450 759 829 32 69 759 748 759 163 759 304 422 829 163 759 69 748 32 69 829 304 304 870 748 163 450 829 163 32 304 69 748 422 69 163 761 748 829 69 748 761 163 32 422 32 748 759 761 748 163 163 163 759 870 761 304 748 69
35 850 867 131 850 735 867 850 64 867 850 36 867 131 70 850 735 64 131 867 258 64 561 258 131 867 131 735 258 258 867 372 36 372 561 64 64 867 258 561 867 561 561 131 850 867 36 867 372 70 70 561 561 867 867 735 36 36 735 36 735 258 64 372 372 70 372 850 36 561 867
33 714 128 627 539 991 118 761 118 991 627 834 445 539 627 118 400 400 539 761 714 714 834 627 705 128 714 761 118 761 627 118 400 118 761 400 664 705 539 834 761 539 991 714 761 627 118 445 714 834 664 664 705 714 714 539 539 664 834 761 991 705 761 539 761 128 834
14 119 152 152 119 152 961 119 147 119 903 811 906 152 152 147 119 152 811 961 152 903 152 152 147 906 903 147 119
40 725 89 363 482 370 370 725 725 363 725 363 301 259 301 363 482 89 364 832 363 259 832 363 414 482 725 301 363 725 725 301 363 414 301 364 832 364 301 482 89 259 414 482 370 301 370 725 725 414 482 725 259 364 370 89 363 301 89 370 363 363 832 414 259 414 364 259 364 832 414 370 259 414 414 89 482 832 259 482 414
2 380 380 380 978
22 489 808 933 379 47 70 865 268 430 430 379 808 47 667 345 379 865 933 808 865 667 47 865 865 422 865 379 47 489 379 70 808 47 489 933 933 808 933 808 47 379 489 933 345
47 598 520 290 188 983 276 520 785 188 698 598 951 894 319 439 762 319 32 276 983 698 54 260 301 439 783 520 54 894 290 32 785 260 41 32 41 951 969 104 785 783 894 41 698 988 439 290 260 301 54 276 260 762 104 698 32 698 439 54 520 54 988 290 894 785 598 894 276 785 598 785 290 894 260 41 598 319 785 785 698 894 188 598 319 188 894 260 598 598 894 32 894 54 32
24 330 570 714 351 13 83 111 904 661 111 194 436 839 330 663 194 904 911 412 13 86 839 386 412 726 766 83 444 738 386 351 86 444 726 911 663 374 738 570 515 103 714 766 103 436 374 515 194
14 980 416 32 232 311 555 416 887 404 759 3 759 398 980 759 46 887 311 759 404 616 600 46 398 600 3 555 32
33 633 975 335 972 300 910 720 65 301 641 594 92 751 572 661 382 15 661 906 276 74 594 913 751 964 655 65 239 276 872 619 720 972 913 92 633 19 301 568 335 913 15 75 964 944 537 655 913 382 906 503 75 416 503 572 74 872 619 910 19 537 568 975 944 641 416
7 344 240 180 344 282 670 849 282 563 180 240 849 281 563
37 50 294 160 484 849 375 460 109 591 707 727 288 926 268 404 608 253 727 608 128 253 253 34 591 268 958 707 122 540 544 960 856 375 460 109 253 932 404 56 638 856 704 122 50 288 540 544 926 665 932 967 53 638 513 128 579 53 34 958 520 294 160 227 56 484 744 704 227 520 967 579 960 744 665
3 152 466 466 906 906 152
22 169 407 375 215 549 731 42 9 32 98 861 169 94 861 693 876 215 861 855 19 407 42 98 903 903 693 46 172 172 549 731 149 19 32 815 94 9 46 149 855 861 815 876 375
19 625 151 768 687 357 386 534 302 900 357 393 625 853 938 938 900 532 442 442 393 302 768 70 235 386 64 235 194 151 534 194 532 332 853 687 332 64 70
14 206 613 897 198 476 37 198 268 356 208 613 152 534 658 208 450 37 206 268 534 92 356 450 476 658 92 152 897
15 158 522 671 493 723 588 170 367 367 723 766 148 485 766 588 158 655 590 723 170 590 723 493 923 522 671 148 655 923 485
3 1000 1 1 999 1 1
3 1 1000 1000 2 1000 1000
2 1000 1000 999 999
17 119 152 152 119 152 961 119 147 119 903 811 906 152 152 147 119 152 811 961 152 903 152 152 147 906 903 147 119 1 1000 1000 2 1000 1000
22 442 675 675 704 391 46 420 644 903 18 265 100 820 879 343 820 213 56 564 653 18 893 874 564 653 213 644 569 56 391 704 131 569 903 46 265 879 442 893 874 131 343 100 420
17 447 385 386 810 893 735 520 609 810 386 302 520 688 723 735 651 385 794 723 801 584 447 801 302 804 688 651 804 794 465 465 893 609 584
3 477 477 264 381 381 264
21 644 231 709 470 470 619 796 74 810 920 400 644 790 156 399 543 414 790 528 595 74 925 543 796 925 482 694 709 595 810 920 694 156 400 263 528 619 414 482 399 231 263
9 222 970 272 251 633 275 251 308 275 407 308 272 304 222 407 304 970 633
14 833 540 601 179 252 833 179 992 540 213 568 422 466 568 174 252 748 887 213 748 422 591 591 466 510 601 887 510
5 213 574 196 196 574 311 490 912 311 490
26 508 768 455 590 646 708 816 576 980 764 764 159 576 284 152 401 157 595 465 157 376 508 590 648 686 424 768 410 648 980 424 905 689 455 410 816 595 686 708 465 905 972 373 265 265 646 972 152 284 373 159 689
46 485 859 428 520 322 509 96 322 587 3 402 915 625 900 242 275 82 987 510 242 54 402 987 33 130 485 410 280 230 54 280 521 147 35 470 410 521 405 34 631 629 147 695 470 35 802 336 428 798 917 275 496 915 666 496 230 520 695 910 629 405 625 509 130 33 587 73 96 917 900 666 295 153 73 900 82 802 255 631 798 255 19 900 336 19 34 192 153 3 910 295 192
11 995 327 492 601 76 995 383 386 410 300 386 61 508 508 327 492 61 410 687 76 601 383
22 91 91 91 49 49 91 91 91 91 49 49 49 91 49 49 49 91 91 91 91 49 91 91 49 91 49 49 91 91 91 91 91 91 91 49 49 91 49 91 49 49 49 91 49
22 275 275 793 793 920 275 793 275 920 793 793 920 275 275 793 275 920 793 275 793 793 275 920 793 920 275 920 920 920 920 275 793 275 920 920 920 275 920 793 275 793 275 275 920
23 187 715 653 653 653 715 715 715 653 187 715 653 187 715 187 653 187 187 715 715 715 715 715 187 715 715 715 715 653 715 653 715 653 187 715 715 187 187 187 653 187 715 653 187 187 715
40 812 234 234 234 234 812 234 234 812 812 234 812 234 812 234 812 812 812 812 234 234 812 234 234 812 234 234 234 812 812 812 812 812 234 812 812 812 812 812 234 812 812 812 234 234 812 234 234 812 234 234 812 812 234 234 812 812 812 234 234 812 812 812 812 234 812 812 812 234 234 812 234 234 234 234 234 812 812 234 812
31 257 257 392 357 357 746 392 746 392 257 257 257 357 257 392 257 257 392 257 257 392 257 183 392 357 357 392 746 392 392 257 746 183 183 357 183 392 183 257 257 746 357 746 357 392 257 257 392 183 746 746 746 357 357 257 257 257 257 392 257 392 357
15 111 333 222 111 333 222 111 444 444 666 777 999 555 111 111 555 777 555 666 777 666 555 111 444 444 111 333 999 999 333
5 50 100 100 150 150 100 50 150 50 50
4 1000 1 100 1 10 100 10 1000
5 1 80 1000 1 1 1000 1000 80 80 80
50 10 1 1 10 2 2 2 2 2 2 2 3 2 3 2 3 4 3 4 3 4 3 4 4 4 4 5 4 5 4 5 4 5 6 5 6 5 6 2 6 2 6 2 6 2 3 2 3 2 3 4 3 4 3 4 3 4 2 4 2 4 2 4 2 3 2 3 2 3 2 3 2 3 1 3 1 3 1 2 7 1 1 2 2 3 3 4 4 5 5 6 6 7 7 8 8 9 9 10 10
49 47 17 49 43 43 29 41 47 17 49 29 41 47 17 49 43 43 29 41 47 17 49 29 41 47 17 49 43 43 29 41 47 17 49 29 41 47 17 49 43 43 29 41 47 17 49 29 41 47 17 49 43 43 29 41 47 17 49 29 41 47 17 49 43 43 29 41 47 17 49 29 41 47 17 49 43 43 29 41 47 17 49 29 41 47 17 49 43 43 29 41 47 17 49 29 41 29 17
50 20 21 21 20 20 22 22 20 21 22 22 21 20 23 23 20 21 23 23 21 22 23 23 22 20 24 24 20 21 24 24 21 22 24 24 22 23 24 24 23 20 25 25 20 21 25 25 21 22 25 25 22 2 2 3 5 25 23 24 25 25 24 20 26 26 20 21 26 26 21 22 26 26 22 23 26 26 23 24 26 26 24 25 26 26 25 20 27 27 20 21 27 27 21 22 27 27 22 23 27
48 5 3 3 8 8 4 4 6 6 7 7 8 8 9 9 8 8 5 5 3 3 2 2 5 5 3 3 8 8 4 4 6 6 7 7 8 8 9 9 8 8 5 5 3 3 2 2 5 5 3 3 8 8 4 4 6 6 7 7 8 8 9 9 8 8 5 5 3 3 2 2 5 5 3 3 8 8 4 4 6 6 7 7 8 8 9 9 8 8 5 5 3 3 2 2 5
45 1 1 1 1 1 1 1 1 1 1 1 1 1 1 1 1 1 1 1 1 1 1 1 1 1 1 1 1 1 1 4 1 4 1 4 1 4 1 4 1 4 1 4 1 4 1 4 1 1 4 1 4 1 4 1 4 1 4 1 4 1 4 1 4 1 4 4 4 4 4 4 4 4 4 4 4 4 4 4 4 4 4 4 4 4 4 4 4 4 4
50 1 2 2 3 3 4 4 5 5 6 6 7 7 8 8 9 9 10 10 11 11 12 12 13 13 14 14 15 15 16 16 17 17 18 18 19 19 20 20 21 21 22 22 23 23 24 24 25 25 25 1 3 2 4 3 5 4 6 5 7 6 8 7 9 8 10 9 11 10 12 11 13 12 14 13 15 14 16 15 17 16 18 17 19 18 20 19 21 20 22 21 23 22 24 23 25 24 25 25 1
50 2 2 2 2 2 2 2 2 2 2 2 2 2 2 2 2 2 2 2 2 2 2 2 2 2 2 2 2 2 2 2 2 2 2 2 2 2 2 2 2 2 2 2 2 2 2 2 2 2 2 2 2 2 2 2 2 2 2 2 2 2 2 2 2 2 2 2 2 2 2 2 2 2 2 2 2 2 2 2 2 2 2 2 2 2 2 2 2 2 2 2 2 2 2 2 2 2 2 1 2
1 5 5
6 5 3 3 7 7 5 6 4 4 8 8 6
50 8 1 1 5 8 6 7 5 1 6 6 4 8 4 7 4 8 6 7 5 6 2 3 8 4 8 6 4 2 2 2 4 6 2 5 3 1 4 4 8 2 1 6 8 3 3 4 6 4 7 2 2 2 4 7 5 7 2 5 5 6 4 4 4 4 2 2 3 7 2 4 7 1 3 4 5 2 5 4 6 8 4 5 3 7 7 1 7 1 7 2 1 2 2 3 8 2 2 6 3
1 2 3
50 1 2 2 3 2 3 2 4 2 5 2 6 2 7 2 1 2 2 2 3 2 4 2 5 3 6 3 7 3 2 3 3 3 4 3 5 3 6 3 7 3 2 3 3 4 4 4 5 4 6 4 7 4 2 4 3 4 4 4 5 4 6 4 7 4 8 4 2 5 3 5 4 5 5 5 6 5 7 5 3 5 2 6 5 6 6 6 7 6 2 7 3 7 4 7 5 7 6 7 7
4 1000 2 2 1000 5 4 4 5
50 990 999 997 998 996 997 995 996 994 995 993 994 992 993 991 992 998 991 899 990 898 899 897 898 896 897 895 896 894 895 893 894 892 893 891 892 890 891 799 890 798 799 797 798 796 797 795 796 794 795 793 794 792 793 791 792 790 791 699 790 698 699 697 698 696 697 695 696 694 695 693 694 692 693 691 692 690 691 599 690 598 599 597 598 596 597 595 596 594 595 593 594 592 591 591 592 590 593 999 590
3 1 3 3 1 5 5
50 5 6 4 5 3 4 3 97 3 98 3 99 3 910 3 911 3 912 3 913 3 914 3 915 3 916 3 917 3 918 3 919 3 920 3 921 3 922 3 923 3 924 3 925 3 926 3 927 3 928 8 3 7 8 6 7 97 3 98 3 99 3 910 3 911 3 912 3 913 3 914 3 915 3 916 3 917 3 918 3 919 3 920 3 921 3 922 3 923 3 924 3 925 3 926 3 927 3 928 3
5 3 5 5 7 3 5 5 3 7 7
1 1 1
4 1 2 2 1 3 4 4 3
50 1 2 2 1 1 2 2 1 1 2 2 1 1 2 2 1 1 2 2 1 1 2 2 1 1 2 2 1 1 2 2 1 1 2 2 1 1 2 2 1 1 2 2 1 1 2 2 1 1 2 2 1 1 2 2 1 1 2 2 1 1 2 2 1 1 2 2 1 1 2 2 1 1 2 2 1 1 2 2 1 1 2 2 1 1 2 2 1 1 2 2 1 1 2 2 1 1 2 2 1
50 2 3 3 2 2 3 3 2 2 3 3 2 2 3 3 2 2 3 3 2 2 3 3 2 2 3 3 2 2 3 3 2 2 3 3 2 2 3 3 2 2 3 3 2 2 3 3 2 2 3 3 2 2 3 3 2 2 3 3 2 2 3 3 2 2 3 3 2 2 3 3 2 2 3 3 2 2 3 3 2 2 3 3 2 2 3 3 2 2 3 3 2 2 3 3 2 3 5 3 6
40 1 2 2 1 1 2 2 1 1 2 2 1 1 2 2 1 1 2 2 1 1 2 2 1 1 2 2 1 1 2 2 1 1 2 2 1 1 2 2 1 1 2 2 1 1 2 2 1 1 2 2 1 1 2 2 1 1 2 2 1 1 2 2 1 1 2 2 1 1 2 2 1 1 2 2 1 1 2 2 1
1 2 1
48 1 2 1 3 1 4 1 5 1 6 1 7 1 8 1 9 1 10 1 11 1 12 1 13 1 14 1 15 1 16 1 17 1 18 1 19 1 20 1 21 1 22 1 23 1 24 1 25 2 1 3 1 4 1 5 1 6 1 7 1 8 1 9 1 10 1 11 1 12 1 13 1 14 1 15 1 16 1 17 1 18 1 19 1 20 1 21 1 22 1 23 1 24 1 25 1
3 1 5 3 1 6 3
50 1 1 2 4 3 15 1 1 1 1 1 1 1 1 1 1 1 6 1 1 1 1 1 1 1 1 1 1 1 1 1 1 1 1 1 1 1 1 1 1 3 1 1 1 5 1 1 1 1 1 2 1 1 1 7 1 1 1 1 1 1 1 1 1 1 1 1 1 1 1 1 1 1 1 1 1 1 1 1 1 1 1 1 1 1 1 1 1 6 1 7 1 8 1 5 1 1 1 4 1
6 1 1000 1000 1000 1 1000 1000 1 1 1 1000 1
50 1000 1 1 1000 1 2 2 3 3 2 2 4 4 2 2 5 5 2 2 6 6 2 2 7 7 2 2 8 8 2 2 9 9 2 2 10 10 2 2 11 11 2 2 12 12 2 2 13 13 2 2 14 14 2 2 15 15 2 2 16 16 2 2 17 17 2 2 18 18 2 2 19 19 2 2 20 20 2 2 21 21 2 2 22 22 2 2 23 23 2 2 24 24 2 2 25 25 2 2 2
41 4 5 4 5 4 5 4 5 4 5 4 5 4 5 4 5 4 5 4 5 5 1000 5 1000 5 1000 5 1000 5 1000 5 1000 5 1000 5 1000 5 1000 5 1000 1000 4 1000 4 1000 4 1000 4 1000 4 1000 4 1000 4 1000 4 1000 4 1000 4 2 7 2 7 2 7 2 7 2 7 2 7 2 7 2 7 2 7 2 7 4 2
48 1 1 2 2 3 3 4 4 5 5 6 6 7 7 8 8 1 2 2 3 3 4 4 5 5 6 6 7 7 8 8 1 1 3 2 4 3 5 4 6 5 7 6 8 7 1 8 2 1 4 2 5 3 6 4 7 5 8 6 1 7 2 8 3 1 4 2 5 3 6 4 7 5 8 6 1 7 2 8 3 1 1 2 2 3 3 4 4 5 5 6 6 7 7 8 8
50 5 3 3 5 5 3 3 5 5 3 3 5 5 3 3 5 5 3 3 5 5 3 3 5 5 3 3 5 5 3 3 5 5 3 3 5 5 3 3 5 5 3 3 5 5 3 3 5 5 3 3 5 5 3 3 5 5 3 3 5 5 3 3 5 5 3 3 5 5 3 3 5 5 3 3 5 5 3 3 5 5 3 3 5 5 3 3 5 7 3 3 5 7 3 3 7 7 3 3 7
2 2 3 1 2
2 1 1 2 1
4 1 2 2 1 3 5 5 3
4 7 3 7 3 7 3 3 7
1 1 5
50 1 1 1 1 1 1 1 1 1 1 1 1 1 1 1 1 1 1 1 1 1 1 1 1 1 1 1 1 1 1 1 1 1 1 1 1 1 1 1 1 1 1 1 1 1 1 1 1 1 1 1 1 1 1 1 1 1 1 1 1 1 1 1 1 1 1 1 1 1 1 1 1 1 1 1 1 1 1 1 1 1 1 1 1 1 1 1 1 1 1 1 1 1 1 1 1 1 1 2 2
49 1 1 1 2 1 3 1 4 1 5 1 6 1 7 2 1 2 2 2 3 2 4 2 5 2 6 2 7 3 1 3 2 3 3 3 4 3 5 3 6 3 7 4 1 4 2 4 3 4 4 4 5 4 6 4 7 5 1 5 2 5 3 5 4 5 5 5 6 5 7 6 1 6 2 6 3 6 4 6 5 6 6 6 7 7 1 7 2 7 3 7 4 7 5 7 6 7 7
3 1 2 3 4 4 3
2 2 1 1 3
1 2 2
50 1 2 2 1 1 3 3 1 1 4 4 1 1 5 5 1 1 6 6 1 1 7 7 1 1 8 8 1 1 9 9 1 1 10 10 1 1 11 11 1 1 12 12 1 1 13 13 1 1 14 14 1 1 15 15 1 1 16 16 1 1 17 17 1 1 18 18 1 1 19 19 1 1 20 20 1 1 21 21 1 1 22 22 1 1 23 23 1 1 24 24 1 1 25 25 1 1 26 26 1
2 2 3 2 3
2 3 1 5 3
1 1 2
2 1 2 1 3
10 990 991 990 992 991 992 991 993 992 993 992 994 993 994 993 990 994 990 994 991
2 2 1 1 2
2 3 4 3 4
4 2 1 1 2 2 5 5 2
2 7 3 7 3
50 1000 1000 1000 1000 1000 1000 1000 1000 1000 1000 1000 1000 1000 1000 1000 1000 1000 1000 1000 1000 1000 1000 1000 1000 1000 1000 1000 1000 1000 1000 1000 1000 1000 1000 1000 1000 1000 1000 1000 1000 1000 1000 1000 1000 1000 1000 1000 1000 1000 1000 1000 1000 1000 1000 1000 1000 1000 1000 1000 1000 1000 1000 1000 1000 1000 1000 1000 1000 1000 1000 1000 1000 1000 1000 1000 1000 1000 1000 1000 1000 1000 1000 1000 1000 1000 1000 1000 1000 1000 1000 1000 1000 1000 1000 1000 1000 1000 1000 1000 1000
5 1 1 1 1 1 1 1 1 2 2
6 2 3 2 3 2 3 3 2 3 2 3 2
2 1 1 1 1
50 1 1 1 1 1 1 1 1 1 1 1 1 1 1 1 1 1 1 1 1 1 1 1 1 1 1 1 1 1 1 1 1 1 1 1 1 1 1 1 1 1 1 1 1 1 1 1 1 1 1 1 1 1 1 1 1 1 1 1 1 1 1 1 1 1 1 1 1 1 1 1 1 1 1 1 1 1 1 1 1 1 1 1 1 1 1 1 1 1 1 1 3 3 3 3 3 3 3 3 3
2 2 5 2 5
3 1 2 2 1 2 1
49 1 1 2 1 3 1 4 1 5 1 6 1 7 1 1 2 2 2 3 2 4 2 5 2 6 2 7 2 1 3 2 3 3 3 4 3 5 3 6 3 7 3 1 4 2 4 3 4 4 4 5 4 6 4 7 4 1 5 2 5 3 5 4 5 5 5 6 5 7 5 1 6 2 6 3 6 4 6 5 6 6 6 7 6 1 7 2 7 3 7 4 7 5 7 6 7 7 7
3 3 5 3 5 5 3
2 1 3 2 1