21
9 9 1 5 5 5 5 4 8 80
3 17 50 2
50 3 4 5 0 0 0 0 4 4 4 4 4 4 4 4 4 4 4 4 4 4 4 4 4 4 4 4 4 4 4 4 4 4 4 4 4 4 4 4 4 4 4 4 4 4 4 4 1 90 6
16 9 1 9 1 9 1 9 1 9 1 9 1 9 1 9 1
1 1000
50 1 2 3 4 5 6 7 8 9 10 11 12 13 14 15 16 17 18 19 20 21 22 23 24 25 26 27 28 29 30 31 32 33 34 35 36 37 38 39 40 41 42 43 44 45 46 47 48 49 50
36 1 1 1 1 1 1 1 1 1 1 9 19 1 1 1 1 1 1 1 1 1 1 46 47 48 1000 1 1 1 1 1 1 1 1 1 1
37 1 1 1 1 1 1 1 1 1 1 6 9 18 1 1 1 1 1 1 1 1 1 1 46 47 48 1000 1 1 1 1 1 1 1 1 1 1
37 1 1 1 1 1 1 1 1 1 1 7 9 18 1 1 1 1 1 1 1 1 1 1 46 47 48 1000 1 1 1 1 1 1 1 1 1 1
8 130 110 90 17 6 5 4 3
9 130 110 90 13 6 5 4 3 0
8 130 110 90 4 6 5 4 3
6 18 0 20 0 1 0
2 0 0
20 0 0 0 0 0 0 0 0 0 0 0 0 0 0 0 0 0 0 0 1000
20 19 99 34 78 67 75 77 36 23 3 3 9 66 34 34 34 34 34 34 66
2 111 22
39 130 110 90 13 6 5 4 3 0 130 110 90 15 15 15 13 6 5 4 3 0 130 110 90 13 6 5 4 3 0 130 110 90 13 6 5 4 3 0
9 130 110 90 13 6 5 4 3 0
3 1 1 1
50 1 1 3 3 3 4 4 5 6 1000 1 1 3 3 3 4 4 5 6 1000 1 1 3 3 3 4 4 5 6 1000 1 1 3 3 3 4 4 5 6 1000 1 1 3 3 3 4 4 5 6 1000