20
203 687737220877470653784446097316072785470
204 335498212
40 9188174
25 646522
119 63155576629807163707985640922769106772917396795739548570858093440561312802733843811003
210 85878750696889017446575830667629960421673460475788331401992664560464795536162396046534097613201747910328526207118280591048874750330716122398307043580519193336856577563682207032364946147148694229628149394147905227355778765319414508752275911061103515923770789
65 1876770264484195462373867075504289953849589913192143959493706119994453644071550093082492880383797477491586448128262806265749453109591037917448951185219315245647751499988944695031480940961675592872609377955465767010356210472779712879459920877915616417323912577285316301998836348539369087459603916941305730245213
206 448062369945695105287978047551780633933470173673381071374141684019805955017087536053718898917395302000087903383816560700874774939832281360760911551985292789432111705459321334755294477723140443502005380072257563972493947809649578402865552045222601282789930994492309469352141654770147698835946064815324585555522877368846404626788009261501975204754546844243717958911872956808794759039606795872610542253998760234801819677617489625864819272219684204522313232690092941926218256616690572691607530627540612798710546329112670031169508720597503651412508929468129545146310784328053092871340403641805483642889649081298732122033800925634814498445704989125336724435475323195250510991702765430307806236903626071365562848810666101442405095082913070741350043764590108123272413025874645910344552082757964848163999535616317954203928421315693835330208399766051964651633665123178313806434629994308647682571165130773523173316492602519138190346
173 30112824594327595526379236283733863054755720634395622456658473382016537089827468578466186440548412571221610515303525092317381280436948960142601743842389999840805575879010781899131467875
163 830372735507449871809731465
90 4657792635807324354837720297526378517183982130663318441767993667273162151581154568833078842147657012720840483968446450279932334516
92 87425153970967993390831896675153851510854781083794529288118964576857047283178102891855976962574675710971584027
113 51304587103122063086234867477045723173180547403247145600300063966119431864569659559335776509576195196593245332640561449734900616851975700264874390248030968166
167 7097501306639266460334251854124701398441264526401775944932032561851537066954595173614023494661949988333225311
12
12
220 857671336285619706286505259778502070
175 33261754228351577578476525209779523127988179898466814632178091966058732629419096182580147726136461252536159859524910309245482518510505400224632364198859663324442131165491882159875547854981497794081342777200378592265262155658847609559210120775240641876041334241839722160083429540405974129979019249434170766042056362227975365345975347996046245948796399196770147994465983195413064659360096554725677890698596977258412582128147198281435385157843685997656109714879412014816286117391379038777327721869676082363453428964553414522582206337809654803310865854542820645495167089958357370335148408859823985527100656590244938554098917907444254926202944319101970754422155318990081301125652572165950553705741636948079747710140051073020357141045775814824559298927842929023036895195372463299081602885132125136042633005801172450983103013385560426338
159 34547389644611849324902048638970235
116 972759570129420701017343026504780735238724865028026190998930433648895154524191409145141283939575313912329760551461452376912991044578
190 1486139411639384409848749958784650368455059410476755670372360119439112197939878529158062954308851
