100
4
10 5 15 5
2
100 100
8
81 81 81 81 81 81 81 0
6
23 90 40 0 100 9
2
0 0
10
100 0 100 0 100 0 100 0 100 0
10
100 100 100 100 100 100 100 100 100 0
5
20 57 44 67 88
6
83 58 97 5 29 76
7
33 60 99 77 33 75 80
8
85 30 72 98 59 66 32 45
9
75 30 91 36 92 97 92 79 89
10
26 93 97 61 64 49 61 37 2 7
10
85 24 62 75 67 67 90 28 38 90
10
80 63 47 4 32 59 21 28 92 3
10
35 49 97 81 37 31 75 8 76 26
10
66 71 65 44 31 71 16 33 47 99
10
47 71 2 73 64 59 78 37 37 4
10
73 16 33 33 82 18 60 96 8 72
10
1 74 94 58 94 1 11 3 78 60
10
32 7 35 44 28 98 99 65 13 97
10
98 78 83 18 55 80 33 24 18 7
10
22 7 70 89 86 27 8 79 9 46
10
13 42 35 5 17 49 77 39 4 30
10
34 9 63 99 60 46 79 41 23 47
10
37 27 76 80 12 63 45 68 26 68
10
26 56 3 94 97 11 43 5 28 12
10
73 75 47 28 38 9 71 12 96 62
10
35 81 52 76 46 1 77 44 53 60
10
99 59 59 90 15 33 17 27 33 13
10
1 62 35 26 20 31 78 63 99 21
10
25 40 43 99 16 57 36 4 57 71
10
46 41 23 1 72 1 51 94 47 32
10
49 25 45 77 68 59 37 97 27 44
10
42 59 85 96 33 50 19 8 97 85
10
71 88 25 88 62 72 51 27 89 20
10
17 24 44 94 76 84 33 56 4 52
10
52 83 69 68 85 74 60 14 71 46
10
12 13 21 72 60 67 20 78 66 8
10
94 77 25 48 90 84 70 92 2 27
10
87 51 49 46 15 10 11 79 99 69
10
91 9 62 58 42 31 62 14 51 80
10
25 7 3 86 88 0 20 65 23 67
10
54 96 94 99 77 66 85 43 49 67
10
11 34 42 40 16 23 66 1 2 85
10
8 88 22 58 67 26 25 36 8 20
10
15 8 66 70 38 20 21 2 71 73
10
61 96 5 60 27 15 8 5 21 98
10
56 69 38 32 30 33 48 4 73 49
10
86 41 17 70 62 45 62 44 15 26
10
27 57 91 22 99 55 31 78 71 71
10
91 74 85 5 12 15 6 20 55 14
10
96 91 56 56 87 15 52 21 93 86
10
22 34 95 97 89 88 74 29 44 68
10
52 46 50 80 18 93 25 22 12 77
10
66 57 62 45 36 92 27 23 14 7
10
9 59 1 82 50 71 63 77 62 10
10
20 87 42 84 85 84 60 57 65 5
10
29 24 34 36 88 43 23 10 72 85
10
46 32 63 73 72 55 63 71 58 43
10
93 11 32 94 55 8 48 97 19 25
10
6 64 15 33 79 58 25 78 37 3
10
49 9 32 92 17 28 80 41 62 41
10
0 47 41 84 50 49 78 87 61 90
10
40 50 58 3 9 95 34 49 61 83
10
6 38 70 55 85 41 37 93 80 50
10
58 38 39 99 76 59 92 56 52 92
10
5 82 17 47 50 83 38 88 94 42
10
14 96 71 79 52 97 72 72 69 31
10
1 27 53 82 4 22 26 71 59 17
10
71 53 43 88 8 46 76 11 42 17
10
81 79 92 10 93 61 25 13 99 49
10
44 91 78 58 33 2 99 45 72 75
10
49 25 70 28 97 68 30 75 44 83
10
29 38 41 52 77 95 3 7 30 56
10
9 54 58 78 98 30 87 65 82 46
10
86 11 33 14 1 45 97 80 69 28
10
88 98 98 96 91 91 22 98 26 86
10
51 87 82 70 63 23 62 37 32 39
10
54 89 85 9 88 17 81 40 89 47
10
80 39 88 34 38 26 58 21 95 10
10
26 24 18 4 64 16 30 69 24 60
10
40 67 9 51 82 80 5 11 99 50
10
65 0 35 17 39 63 80 63 13 50
10
83 80 60 49 27 99 14 19 93 23
10
8 78 4 60 18 58 36 78 71 99
10
42 36 1 43 53 90 94 98 64 19
10
66 7 54 37 17 61 59 29 35 48
10
25 58 86 78 77 12 95 67 91 77
10
54 84 5 78 54 38 52 68 87 40
10
83 77 27 69 26 74 97 4 63 14
10
13 82 74 19 66 10 76 86 35 77
10
48 78 93 95 95 27 26 32 34 12
10
95 52 52 61 32 87 83 26 37 89
10
85 73 52 42 31 45 91 93 94 75
10
36 28 44 85 4 21 65 23 86 50
10
13 83 3 53 6 42 55 21 46 71
10
66 35 1 4 62 99 93 61 29 46
10
32 79 44 94 94 63 9 58 74 46
10
86 11 68 64 69 44 67 79 80 25
