100
2 4
10 5
3 12
7 7 7
3 12
4 2 1
5 1000000000
25 25 25 25 25
2 2
1 1
5 5
1 1 1 1 1
5 448257424
1 2 3 4 5
5 915742169
18 7 21 11 25
5 719617623
22 22 22 22 22
5 386745876
17 17 17 17 17
5 70036562
20 20 20 20 20
5 613622250
8 8 8 8 8
5 666671700
21 21 21 21 21
5 355476107
13 13 13 13 13
5 295006647
23 23 23 23 23
5 245160905
24 24 24 24 24
5 491382788
12 12 12 12 12
5 723966859
5 5 5 5 5
5 496056289
15 15 15 15 15
5 182491304
23 23 23 23 23
5 493695162
16 16 16 16 16
5 593105343
19 19 19 19 19
5 900140326
16 16 16 16 16
5 702805590
7 7 7 7 7
5 176572204
22 22 22 22 22
5 318348782
11 11 11 11 11
5 256679447
4 4 4 4 4
5 44357956
21 21 21 21 21
5 169606865
23 23 23 23 23
5 126775433
7 7 7 7 7
5 206523806
18 18 18 18 18
5 94355628
15 15 15 15 15
5 814556984
17 17 17 17 17
5 154241886
1 2 3 4 5
5 114394325
1 2 3 4 5
5 230887849
1 2 3 4 5
5 676794506
1 2 3 4 5
5 95158719
1 2 3 4 5
5 156471577
1 2 3 4 5
5 991008228
1 2 3 4 5
5 611687534
1 2 3 4 5
5 465541007
1 2 3 4 5
5 55660188
1 2 3 4 5
5 564609308
1 2 3 4 5
5 703078186
1 2 3 4 5
5 968766801
1 2 3 4 5
5 508668067
1 2 3 4 5
5 976156906
1 2 3 4 5
5 974293122
1 2 3 4 5
5 838051641
1 2 3 4 5
5 109127472
1 2 3 4 5
5 780416523
1 2 3 4 5
5 575079623
1 2 3 4 5
5 529299932
1 2 3 4 5
5 775621963
1 2 3 4 5
5 966800164
1 2 3 4 5
5 310226347
1 2 3 4 5
5 748907481
1 2 3 4 5
5 76915947
8 12 11 24 25
5 263723598
3 17 22 5 7
5 154939238
7 1 2 14 25
5 547097108
10 17 25 16 2
5 809626043
24 20 4 9 15
5 825496539
1 14 14 10 21
5 736491671
12 7 16 6 23
5 466826047
15 15 22 19 11
5 791076943
16 5 16 7 20
5 146647596
2 11 17 10 17
5 792940753
14 7 17 11 19
5 583284162
11 4 17 9 15
5 86617747
2 3 3 15 16
5 80681911
11 12 21 3 12
5 815926471
3 23 3 4 25
5 669640490
8 14 19 20 5
5 96801414
17 21 22 5 22
5 868340808
7 19 19 23 25
5 932816597
17 2 14 19 2
5 60645142
9 8 3 25 2
5 385700220
20 11 11 21 12
5 63501783
16 11 9 19 6
5 761764271
19 4 1 15 10
5 959652172
2 13 1 5 2
5 622060759
20 14 8 2 12
5 484461139
2 17 16 6 6
5 171072287
12 19 6 7 16
5 408769989
7 17 13 19 11
5 30687771
5 5 3 11 7
5 661548615
5 9 23 14 2
5 194647415
20 14 4 1 4
5 563904710
17 17 17 9 1
5 95779762
16 21 13 2 5
5 237597816
15 15 24 19 8
5 790531462
1 25 18 19 18
5 227416804
7 8 5 19 22
5 393415282
22 8 20 15 7
5 955647479
9 2 9 17 16
5 141850934
22 6 3 2 2
5 434752857
25 13 9 22 7
5 819604533
10 18 8 24 17
5 65527513
22 12 9 23 4
