100
3 1 5 15 13 11
3 0 8 23 22 21
3 2 1 28 2 22
3 3 7 9 19 26
1 1 2 7
2 0 10 30 30
3 3 3 24 19 28
3 1 4 22 11 26
3 3 8 15 10 26
1 1 10 9
1 1 7 2
1 0 6 14
1 1 8 15
1 1 3 18
3 0 0 0 0 0
2 0 0 30 30
2 2 8 22 18
1 0 3 5
2 0 5 23 11
3 0 7 17 17 2
1 1 9 21
1 1 2 17
2 0 3 6 21
2 0 5 26 17
2 0 9 12 23
3 3 4 12 5 18
2 0 4 20 8
3 2 7 18 12 5
2 2 6 19 2
2 0 9 9 30
1 0 7 17
2 2 5 28 22
1 0 10 26
2 0 3 8 6
3 0 4 28 12 4
3 2 5 11 12 12
2 0 1 8 19
3 1 1 28 17 0
1 1 1 11
1 0 5 11
3 3 2 7 15 10
2 2 10 19 3
3 0 3 6 6 5
3 1 6 4 15 14
2 0 10 26 7
1 0 7 18
2 0 9 23 23
1 0 9 11
1 0 3 6
3 3 7 10 4 21
3 0 5 13 11 0
2 0 2 29 2
3 2 5 20 15 15
1 0 1 0
1 1 4 2
1 0 4 8
2 1 5 12 12
3 0 10 18 27 27
2 0 3 5 6
3 1 1 9 12 0
2 0 4 8 29
2 2 1 20 15
1 0 4 19
3 2 1 9 3 0
2 1 6 25 16
2 0 7 7 8
1 0 9 16
3 0 8 21 20 20
1 0 8 0
2 0 6 19 16
3 1 10 26 22 24
3 2 0 24 16 10
2 0 3 6 5
2 0 7 20 12
2 0 2 13 2
2 2 2 25 25
1 0 8 20
2 0 6 15 14
1 0 8 20
2 2 5 28 22
2 2 5 11 20
3 0 10 26 27 23
3 2 4 9 3 20
1 1 3 27
3 2 2 5 25 26
1 0 8 20
2 1 0 17 11
1 1 4 19
1 1 10 2
2 2 4 21 2
1 0 10 27
1 1 9 21
3 3 7 13 22 25
1 0 8 21
1 0 0 21
1 0 10 27
3 0 1 26 23 8
1 0 4 22
3 3 4 3 20 28
3 0 5 11 11 27
