50
25 6
-53365 433
-53355 196
-53346 722
-53337 272
-53326 611
-53300 264
-53281 683
-53261 549
-53253 451
-53231 382
-53211 216
-53208 189
-53207 509
-53203 343
-53195 260
-53187 200
-53176 340
-53167 237
-53149 882
-53141 90
43853 613
43855 463
43866 419
43870 626
43892 15
114 1
-50701 267330
-50681 359239
-50671 83355
41120 2317
41144 1283
41155 1307
41176 3418
41199 2613
41215 2821
41219 1812
41233 3890
41262 2832
41279 1890
41289 3151
41310 3482
41335 3634
41362 3804
41378 3466
41392 1659
41417 3979
41429 2557
41435 3853
41463 1308
41486 2292
41500 1246
41501 2032
41502 2895
41515 3804
41529 1302
41530 1657
41545 2866
41572 1099
41594 1062
41617 2229
41632 3051
41650 2791
41663 2036
41690 1765
41703 2582
41709 2124
41730 1052
41737 3188
41749 1142
41778 2468
41803 2521
41816 999
41824 1537
41827 1396
41831 3411
41849 2233
41860 1209
41866 2845
41886 1100
41910 3327
41938 1821
41958 1006
41978 3162
41979 3686
41985 2275
42002 1611
42014 2603
42044 3460
42066 2873
42069 2748
42088 3297
42116 1022
42125 2598
42131 1613
42142 1798
42171 1029
42184 3580
42210 1240
42215 3566
42239 2698
42247 3374
42257 2430
42280 1768
42303 2418
42329 2961
42353 978
42359 2805
42378 1033
42407 2229
42418 1268
42426 1700
42443 1454
42454 2077
42467 1878
42488 1465
42514 2869
42543 854
42545 1079
42565 1745
42585 1442
42595 2161
42608 1474
42617 1247
42638 1299
42663 2355
42679 2168
42695 2159
42708 1356
42736 1662
42748 2215
42754 1785
42755 2712
42772 2334
42782 1121
42791 1593
42804 1649
42829 706
42853 506
42879 1760
42888 79
200 3
-100000 4320
-99445 5349
-95706 6801
-94951 5289
-93971 5850
-91573 4393
-88923 3299
-87532 2452
-85447 2526
-85359 6716
-83991 9259
-83802 3052
-83613 8661
-83413 4060
-82986 4294
-82196 4612
-80947 4184
-78670 6979
-78458 2061
-78196 7547
-77065 4158
-76540 3684
-75882 1526
-75012 3295
-74483 6163
-74220 2781
-73688 5345
-72051 2828
-71863 2167
-71788 5113
-71147 2761
-70938 6391
-70483 9610
-70446 1705
-70271 6051
-69578 3022
-69224 4380
-64506 5845
-64462 6037
-64157 2684
-62390 4133
-62239 3942
-62180 3913
-62123 6300
-61044 1061
-59655 8175
-59395 7158
-57569 5710
-57402 7641
-57319 5172
-56897 3394
-56362 7428
-56041 8226
-55956 5774
-55169 4951
-54997 2746
-52814 4829
-47668 5481
-46659 1503
-45625 6478
-44479 6503
-43621 3351
-43463 6788
-43112 3204
-42842 1544
-41975 6785
-41386 3343
-41349 6582
-40909 4846
-40756 9326
-40480 2668
-38819 7650
-38703 3370
-37848 2305
-35957 2210
-32647 3592
-32052 6202
-31076 5312
-30940 4187
-30412 6474
-30153 5458
-29695 3565
-29483 3825
-29281 5763
-27692 2443
-27265 7143
-24489 7577
-23661 3089
-23489 2859
-23094 5359
-18738 6766
-18443 4948
-17405 2112
-16256 6326
-13966 4965
-11895 7558
-10808 4305
-10624 6196
-10598 7697
-9541 5543
-8960 2361
-8013 8691
-7658 4122
-7014 2459
-6541 6081
-5237 3103
-4345 2713
-3854 9808
-3263 7367
-2919 7570
-2866 3287
-2834 5451
-2392 2487
-2295 2942
-2081 901
-1768 5239
-1623 9338
-877 7107
-875 8233
1147 5619
2867 3227
4053 5835
4350 7964
4706 2416
4871 5540
12352 2742
12650 1941
15771 4643
17405 2462
20667 3876
21508 3583
21770 6886
22021 5727
23627 3280
23973 7646
24356 5205
25195 3049
26343 3393
28730 3136
29548 5982
33643 4440
34650 2249
35829 4697
37216 3131
38105 3320
38549 6861
39690 2590
40625 8580
41136 3550
42277 5536
42820 7033
43511 3929
43693 5731
44844 5468
45371 3935
47155 9063
47806 5689
47861 2123
48709 3119
50246 4891
50527 2388
51189 5570
51811 8634
53711 4202
54664 9133
55477 3228
60452 7011
62417 6712
63018 5843
63149 8608
64662 9100
69573 4944
72201 3807
73080 6143
73287 6712
73977 3809
74371 2877
74581 5684
80759 3777
80938 6378
81993 6972
82022 2595
85841 6238
88569 3755
89392 3173
89594 6427
90346 3485
90797 3745
90937 3828
92440 5012
92504 5851
93916 695
94992 7955
95321 5137
96342 2281
96518 6216
97936 8473
98100 8125
98775 7385
100000 7741
186 5
-99194 1
-99038 1
-98392 1
-98309 1
-97970 1
-97920 1
-97634 1
-96804 1
-96470 1
-95749 1
-94301 1
-93776 1
-93155 1
-92176 1
-91501 1
-91126 1
-91029 1
-89720 1
-88753 1
-88592 1
-87739 1
-87736 1
-86771 1
-85915 1
-85567 1
-82666 1
-81977 1
-81807 1
-81159 1
-79919 1
-79343 1
-79022 1
-78155 1
-77739 1
-76435 1
-75788 1
-75370 1
-75362 1
-73962 1
-73568 1
-71932 1
-70759 1
-69995 1
-69374 1
-67961 1
-67765 1
-67006 1
-66403 1
-65903 1
-63726 1
-62585 1
-61319 1
-61119 1
-60873 1
-60012 1
-59669 1
-58863 1
-58830 1
-57630 1
-56716 1
-54755 1
-51870 1
-49643 1
-48923 1
-48837 1
-45663 1
-45602 1
-42743 1
-40798 1
-38062 1
-37551 1
-37293 1
-36678 1
-34722 1
-34406 1
-32392 1
-31592 1
-31512 1
-30164 1
-29202 1
-28825 1
-27945 1
-27863 1
-23440 1
-21924 1
-21017 1
-20698 1
-20656 1
-20016 1
-17903 1
-15290 1
-14381 1
-13851 1
-11003 1
-9375 1
-5583 1
-5430 1
-5253 1
-4817 1
-3557 1
-98 1
2190 1
2475 1
3218 1
3380 1
5463 1
5582 1
5585 1
7641 1
8611 1
9199 1
11349 1
12968 1
17048 1
17822 1
19240 1
19510 1
20172 1
24200 1
25831 1
28432 1
28451 1
28678 1
28868 1
30462 1
30855 1
31530 1
31650 1
32366 1
33163 1
33372 1
33844 1
34872 1
35243 1
35887 1
36937 1
38712 1
39211 1
40637 1
44344 1
45773 1
47188 1
48669 1
49626 1
49689 1
51278 1
51290 1
53024 1
54130 1
54719 1
56446 1
57944 1
62351 1
62525 1
64949 1
65377 1
66079 1
68511 1
69518 1
71348 1
71383 1
73761 1
74020 1
74150 1
75355 1
76786 1
77082 1
80223 1
82638 1
83416 1
83964 1
89098 1
89587 1
91177 1
92174 1
93462 1
93733 1
94046 1
94334 1
94884 1
95846 1
95897 1
96264 1
96575 1
98817 1
99621 1
39 3
-116 108
-106 327
-95 125
-87 130
-83 439
-68 323
-65 160
-64 262
-61 318
-60 161
-47 270
-34 492
-33 169
-22 74
-11 328
-10 385
-4 124
-3 338
-2 126
5 132
11 389
18 167
20 305
22 141
27 156
38 152
48 241
59 440
65 408
73 153
80 271
81 329
83 398
84 120
99 349
102 425
110 143
113 314
114 307
200 14
-98891 18
-97935 24
-97797 37
-93703 18
-93166 10
-93026 2
-92594 49
-91461 34
-91025 47
-91001 3
-89627 48
-89382 30
-88884 16
-87302 30
-87117 50
-86323 37
-85652 35
-85596 31
-82273 22
-82026 33
-78740 37
-77641 47
-77355 31
-76586 31
-76099 29
-75963 33
-75117 29
-71266 30
-70011 42
-69317 33
-66903 12
-66705 9
-66056 30
-65827 21
-63344 41
-61438 35
-60314 40
-59928 12
-59233 14
-58895 49
-57746 29
-57295 21
-56373 44
-54523 2
-53253 11
-53029 27
-51739 6
-50986 20
-50463 28
-48679 38
-45680 45
-45387 47
-45128 7
-44681 6
-43243 3
-43027 16
-41534 38
-41341 39
-41312 36
-40979 20
-37874 29
-37387 20
-36904 35
-35954 21
-35236 33
-34732 31
-33509 33
-32756 15
-32519 38
-31871 11
-31829 27
-31175 23
-30791 13
-30764 48
-29323 7
-28961 49
-28826 15
-23267 21
-21752 13
-21589 10
-20252 50
-19297 25
-19033 19
-18818 23
-16991 10
-16922 48
-16649 10
-16589 3
-16571 38
-15377 25
-14683 19
-12266 31
-12072 44
-10928 33
-10914 42
-7921 2
-7826 36
-6075 26
-5558 17
-2956 13
-1397 33
-1079 16
-841 37
-653 18
229 21
2291 19
4161 20
4454 28
4777 1
7747 23
12308 6
16060 35
17307 3
18487 50
19200 12
20408 49
21793 26
21912 37
22160 35
22763 37
24851 2
24859 47
25178 7
27460 39
28350 38
29347 2
31011 37
34642 37
39582 50
41306 12
41435 1
42060 6
42702 26
44078 42
44333 3
44383 18
46472 38
46633 29
47353 42
48052 4
49143 28
51065 21
53818 45
53914 5
54221 46
55673 7
55743 29
56049 27
56399 9
57025 16
57175 50
57557 16
58387 50
60214 34
61785 13
64121 22
65605 44
66588 6
67592 3
67690 34
67902 27
68295 48
70472 7
71399 11
71430 46
71906 27
72364 14
72397 34
73381 38
73536 7
76369 6
76395 42
78520 22
78852 38
79216 8
80018 25
81878 14
83678 43
83920 50
86113 36
89131 33
89565 42
89791 7
89935 12
90987 45
92342 47
93750 46
93946 50
94755 37
94774 42
95477 11
95578 32
95622 41
96382 47
96777 28
97437 37
97897 45
98369 10
98519 6
99128 47
182 16
-99987 1
-99058 1
-98056 1
-97425 1
-97249 1
-97182 1
-94579 1
-94262 1
-91813 1
-90304 1
-89485 1
-88784 1
-88667 1
-83968 1
-82083 1
-81693 1
-80012 1
-79304 1
-78171 1
-78158 1
-78144 1
-78023 1
-77096 1
-77083 1
-77022 1
-74626 1
-72419 1
-72318 1
-72160 1
-70684 1
-70408 1
-68740 1
-67450 1
-63272 1
-62603 1
-62032 1
-61517 1
-60219 1
-59587 1
-58559 1
-58332 1
-58146 1
-57216 1
-53534 1
-52195 1
-49001 1
-46987 1
-46127 1
-44117 1
-43180 1
-43031 1
-42784 1
-39560 1
-39522 1
-39072 1
-38670 1
-38305 1
-37309 1
-36121 1
-33333 1
-32496 1
-31647 1
-31058 1
-30449 1
-28572 1
-27856 1
-27802 1
-27024 1
-24614 1
-22942 1
-22887 1
-22411 1
-22190 1
-21642 1
-20489 1
-17113 1
-16586 1
-16221 1
-16219 1
-16104 1
-15747 1
-12553 1
-12548 1
-11998 1
-11573 1
-10341 1
-8053 1
-7653 1
-6986 1
-6695 1
-6044 1
-5996 1
-5960 1
-5082 1
-3794 1
-3728 1
-3220 1
-1439 1
-15 1
950 1
3628 1
5096 1
5125 1
5450 1
7903 1
7949 1
11434 1
11547 1
15211 1
15516 1
17011 1
17594 1
17660 1
17809 1
18398 1
20283 1
20961 1
22961 1
23487 1
23611 1
23858 1
24195 1
25431 1
25771 1
26324 1
26912 1
28523 1
29226 1
29336 1
29444 1
33677 1
33769 1
34977 1
36760 1
42618 1
44005 1
44013 1
45360 1
45539 1
47206 1
49599 1
49887 1
50438 1
53747 1
53920 1
57978 1
58901 1
61508 1
62334 1
63401 1
64050 1
65085 1
65567 1
67527 1
69952 1
71351 1
71850 1
72850 1
72989 1
74269 1
76295 1
76789 1
77967 1
79527 1
80514 1
80837 1
80902 1
81746 1
83366 1
85347 1
87292 1
88145 1
88728 1
89193 1
89863 1
91730 1
91732 1
91811 1
92616 1
92731 1
94575 1
96924 1
200 165
-99753 10
-99395 10
-97886 4
-96361 6
-94802 10
-92967 1
-92677 1
-90691 1
-90566 10
-90478 2
-90450 3
-87776 6
-87729 4
-87683 3
-86451 10
-85639 3
-84497 9
-82883 6
-82514 2
-82345 8
-81125 7
-80330 8
-80112 1
-79898 6
-78535 8
-78482 4
-77321 4
-77320 1
-75833 3
-74329 9
-74326 1
-72131 2
-71979 7
-70371 2
-69880 2
-69765 3
-68598 1
-67790 8
-67465 10
-67424 4
-66253 9
-64804 10
-64796 6
-62370 4
-61024 4
-57671 3
-55740 6
-55473 6
-52917 6
-51958 4
-51645 10
-50061 7
-49435 5
-49285 5
-49235 6
-49066 4
-46111 7
-45469 1
-44662 5
-44622 4
-42981 7
-42514 4
-42301 4
-41699 8
-40955 10
-39863 6
-39060 6
-38677 3
-38186 8
-38087 8
-37885 7
-37385 9
-37178 8
-36207 8
-33423 4
-32274 1
-31846 1
-30744 6
-28901 7
-28679 5
-28187 3
-28032 9
-27928 5
-25737 9
-23604 10
-23531 5
-20655 1
-19447 4
-18547 6
-18232 10
-17908 6
-17839 1
-13555 10
-12015 3
-6948 8
-4719 6
-4018 8
-3098 7
-2614 5
-1817 6
-1705 5
-1164 5
-1156 7
-570 6
-83 1
705 10
1479 9
1824 5
3276 5
5564 8
7030 6
7688 3
8621 7
9303 7
13682 8
14664 9
15683 4
16331 10
17209 1
18669 3
20128 2
23143 8
26877 6
27195 2
27391 1
27774 6
28235 2
28539 10
29567 9
29618 3
29739 1
30068 1
30561 9
31458 8
31950 5
34744 4
37974 6
37986 8
40303 7
40332 4
40917 10
41499 6
42203 9
42890 3
43511 5
44707 7
44780 2
49692 3
50139 7
50930 1
51059 3
51270 9
51793 6
54346 10
56314 9
57458 10
58284 5
58365 3
58468 4
58818 5
59131 4
59795 7
60096 10
60233 5
60649 2
62458 1
63130 2
63883 4
63975 9
65797 1
66003 9
66639 7
67711 1
67804 9
68555 6
69175 3
70400 7
70991 6
72129 9
73187 5
73423 8
73433 8
76367 8
77269 9
78226 6
78624 6
81808 5
84014 9
84045 6
86288 8
87495 5
87948 4
88988 9
89300 8
91672 2
92935 1
94152 10
94344 1
98130 10
98292 4
197 12
-75955 110
-75929 84
-75922 152
-75904 148
-75884 140
-75867 98
-75857 36
-75832 56
-75808 89
-75786 76
-75774 47
40625 93
40634 57
40662 93
40671 51
40691 63
40701 31
40729 84
40731 47
40732 67
40747 73
40754 52
40766 29
40789 69
40799 24
40800 47
40813 85
40824 66
40845 88
40861 37
40874 73
40899 36
40911 77
40933 45
40954 56
40979 28
41001 43
41022 57
41024 35
41046 55
41065 34
41081 85
41109 90
41114 29
41131 73
41139 53
41156 74
41161 79
41170 57
41172 47
41195 23
41221 38
41248 26
41257 71
41278 49
41292 33
41297 38
41320 43
41328 79
41339 70
41349 66
41357 87
41369 55
41385 57
41407 38
41418 77
41423 38
41443 63
41449 35
41461 53
41472 67
41499 82
41515 22
41523 75
41540 63
41549 29
41576 43
41589 86
41609 40
41629 83
41658 42
41666 53
41686 72
41711 72
41727 46
41740 60
41762 68
41764 42
41785 22
41807 27
41825 40
41841 75
41849 33
41856 25
41866 26
41887 58
41897 40
41899 65
41916 50
41923 33
41946 60
41966 35
41979 34
41984 73
41998 71
41999 75
42016 43
42045 63
42072 32
42076 39
42091 29
42118 35
42124 27
42130 65
42137 61
42152 24
42159 67
42186 44
42195 78
42216 43
42234 75
42240 53
42260 53
42272 35
42273 55
42287 63
42302 30
42332 55
42362 54
42365 27
42388 51
42415 39
42420 43
42438 57
42445 49
42471 71
42484 18
42496 23
42523 20
42533 68
42554 39
42566 28
42570 51
42578 69
42608 31
42609 35
42620 52
42641 24
42667 51
42694 50
42723 21
42749 50
42755 46
42782 65
42803 37
42825 70
42854 34
42876 30
42904 17
42923 50
42924 40
42943 69
42965 38
42982 25
43012 22
43032 47
43042 48
43065 34
43071 50
43081 23
43098 35
43111 45
43128 30
43137 30
43163 34
43167 23
43196 40
43217 38
43232 44
43262 33
43266 37
43292 60
43309 42
43329 57
43350 47
43374 32
43387 23
43401 22
43403 29
43417 18
43419 16
43448 39
43478 13
43482 49
43491 33
43503 16
43508 8
1 1000000
30670 10000
200 205
-98972 6
-98147 9
-96754 3
-89748 5
-89408 1
-87802 3
-86403 1
-84861 2
-84238 8
-83864 9
-83227 1
-80855 10
-80082 8
-79844 3
-79417 6
-76051 2
-74259 4
-73667 2
-73001 2
-71221 9
-71103 6
-70618 8
-66160 8
-65787 7
-63356 10
-62251 7
-62152 10
-61221 4
-60404 5
-59989 6
-57450 7
-55110 5
-54471 10
-53819 8
-53207 4
-52093 5
-51184 10
-49198 9
-48010 3
-46549 3
-46337 2
-46182 4
-45325 7
-42318 2
-41195 7
-38782 2
-37941 5
-37653 7
-36820 7
-35151 6
-34709 3
-34389 3
-33322 5
-33291 1
-33020 7
-31634 1
-31278 6
-30954 3
-27494 8
-27379 4
-26738 2
-26238 1
-25194 7
-23399 1
-23308 4
-22725 7
-22512 8
-21926 1
-19367 3
-18358 1
-18326 8
-17228 9
-16464 1
-15301 6
-14788 6
-12980 4
-12689 7
-12244 6
-10853 2
-10475 8
-9317 3
-8291 4
-7975 6
-7093 4
-6364 7
-6097 9
-3702 1
-2956 8
-2311 1
-1748 1
-439 5
1399 4
1414 7
2089 8
2710 6
4474 6
4866 3
5295 10
6211 6
6837 6
7059 1
7984 7
8459 2
9401 4
11400 2
12138 9
12813 7
13651 1
13680 4
13742 6
15253 7
16232 9
16862 3
17086 10
17533 3
17807 2
19548 1
19577 6
20729 8
22304 8
22909 4
23770 7
27237 2
27456 6
28149 4
28343 6
29650 3
33419 2
33500 3
33725 5
33826 7
34053 1
34286 9
35654 5
35716 9
36011 5
36249 1
37590 6
39339 9
39734 9
40487 6
40704 4
45027 7
45386 5
46178 9
46563 6
47532 8
47872 8
48825 6
49070 4
50696 7
50760 1
51256 2
51327 9
52631 1
53658 3
54446 10
55388 5
57313 5
58650 9
59326 1
60072 3
60285 2
60571 8
60614 6
60693 6
61855 2
62350 9
63250 4
63879 4
65137 6
66705 1
66985 4
67144 7
67736 6
68495 6
69087 1
72945 10
74257 1
74659 2
74773 1
75615 10
76414 4
80432 6
81976 9
82450 4
82796 6
83486 4
85208 1
87611 10
89487 7
90602 7
91058 6
92870 10
93049 4
94118 6
95294 3
96122 7
97348 4
98477 7
200 10
-100000 31
-99494 75
-95143 39
-93463 19
-91938 77
-90928 73
-89355 60
-88957 49
-87921 80
-87595 45
-86518 45
-86267 51
-83789 21
-83361 68
-78615 27
-77887 36
-77591 45
-77256 40
-76943 8
-74999 18
-74235 26
-72924 48
-71946 71
-71144 35
-71055 64
-70058 41
-69443 37
-68896 60
-68411 58
-68392 35
-67895 71
-65731 54
-65168 35
-64504 65
-62354 69
-61552 53
-59121 42
-57832 82
-57792 45
-56836 20
-54712 86
-53770 53
-51972 76
-50883 66
-48904 40
-48760 35
-46706 49
-46388 64
-45724 83
-45377 46
-43183 37
-38188 21
-36634 95
-32635 50
-32394 81
-31219 98
-30533 54
-29041 64
-28456 41
-25983 35
-24494 70
-23045 58
-21879 50
-21377 11
-21004 33
-20333 34
-19550 47
-19472 29
-18645 30
-18546 47
-18418 64
-18237 40
-16501 35
-15301 55
-15050 57
-14646 43
-13764 52
-11976 58
-11309 84
-9651 31
-8932 21
-7966 59
-6936 45
-6230 53
-5353 41
-4835 53
-1887 41
-1207 40
76 73
714 25
1638 80
1843 23
2266 39
2569 57
2954 27
3225 70
5548 82
6655 25
6778 58
7372 28
7746 86
8808 52
9046 33
9446 48
9570 38
11858 38
11886 23
15563 31
15901 53
16907 64
17215 86
18653 53
19986 46
20987 53
22349 68
22796 66
23388 43
23572 87
27828 64
28713 69
28793 24
28889 43
30494 23
30575 31
32203 34
32823 78
33161 75
36160 26
36341 45
36565 89
36752 30
37242 73
41866 60
42173 26
42800 79
43745 50
44326 93
44696 78
44956 43
45271 64
45711 48
45792 53
46263 81
46335 23
47175 63
47926 29
49044 72
52850 9
53254 6
54035 56
54478 58
56064 68
58629 6
61211 56
61702 39
62952 34
63224 67
66535 33
66794 26
67327 38
67679 63
67702 31
68903 81
69323 41
70464 80
71325 45
71719 37
73240 94
73546 61
74073 35
74563 26
76103 45
76169 24
78438 71
78518 28
78586 64
79211 45
81222 87
81471 96
81753 20
81814 68
83119 61
83800 42
85721 55
86923 56
88751 60
88918 27
89292 33
90901 31
91263 82
92604 64
92613 56
92910 19
93070 11
93108 14
95540 81
95810 42
99532 53
99577 43
100000 38
12 4
51215 1021
51225 623
51235 1261
51237 1391
51245 856
51249 756
51254 588
51259 726
51261 1262
51263 939
51268 256
51274 234
91 206295
50339 13300
50347 8098
50356 19655
50360 7144
50364 10181
50374 9993
50381 14120
50391 15721
50400 20831
50407 6513
50416 15992
50418 13965
50424 7993
50431 13599
50439 13934
50448 6542
50452 16856
50461 17140
50467 9836
50474 13378
50479 12959
50485 11342
50490 17106
50498 19829
50503 13345
50510 8881
50511 6810
50517 19858
50523 11191
50529 10408
50535 11104
50539 17746
50542 18078
50549 11234
50557 14633
50558 13790
50562 18348
50568 11809
50573 15021
50576 11808
50586 11174
50590 9980
50593 15897
50603 5377
50609 10085
50611 16264
50613 13716
50617 6283
50627 9409
50632 14355
50639 14803
50642 9451
50646 12690
50656 15513
50661 9679
50662 14559
50669 8704
50675 7909
50681 15282
50682 6881
50685 10880
50688 8987
50697 14776
50698 10687
50699 12412
50708 12024
50718 8810
50727 6055
50729 6842
50736 4787
50742 6093
50744 7206
50746 12128
50751 4783
50756 13004
50757 9952
50765 8776
50769 8205
50774 7910
50782 7711
50790 8843
50794 4760
50804 7179
50808 6356
50814 3947
50815 7033
50823 5896
50828 2850
50830 2971
50839 5608
50842 3038
200 5
-99649 36
-99309 34
-99185 4
-96747 3
-94803 29
-90212 49
-89873 24
-89480 3
-88600 47
-87280 17
-85804 29
-85447 50
-84542 48
-84325 22
-83922 6
-83005 7
-81128 40
-80678 39
-80178 20
-80092 41
-78877 32
-77389 11
-75507 14
-75022 14
-74270 21
-73566 23
-72670 21
-72262 46
-71457 42
-69594 28
-69446 22
-69348 43
-68555 25
-68337 8
-64579 25
-64385 46
-63532 43
-62418 14
-61948 25
-60106 20
-59820 8
-58909 45
-58586 15
-58423 47
-58263 11
-58241 6
-58146 11
-56615 47
-50441 31
-49206 32
-48032 7
-47960 16
-45990 37
-45797 9
-44530 7
-44483 7
-42953 24
-42012 43
-41753 43
-40731 48
-40428 14
-39401 39
-36694 5
-36524 12
-36299 42
-36059 45
-33717 22
-33104 49
-31797 40
-31468 25
-31412 38
-30730 11
-28766 34
-28456 5
-28304 43
-27812 31
-26316 8
-25880 33
-25789 5
-24024 4
-23947 38
-22647 43
-22460 11
-21883 24
-20351 1
-16050 49
-15357 31
-12255 5
-12217 13
-10076 42
-9842 12
-9788 16
-6306 44
-6278 38
-5010 45
-3300 43
-2823 40
-2557 45
-2058 32
-1839 1
-958 18
-851 27
356 9
799 12
1640 42
2147 31
2882 29
3269 26
8214 45
8280 22
10325 5
12179 22
15934 4
19397 45
20452 34
20724 21
21758 45
21846 1
25416 32
26076 27
28145 19
28724 27
29570 4
30389 22
31114 17
32754 38
33531 9
33600 17
34326 28
36484 3
36631 8
36863 16
37277 24
38128 9
40584 31
40603 27
42411 44
43257 49
44233 9
44677 49
46429 14
46744 49
47688 50
47995 38
48989 30
49544 43
50097 15
50567 44
52730 27
53175 44
53217 39
53234 7
53974 26
55012 34
57181 26
58340 12
60170 22
61761 15
61794 28
62145 1
62298 46
62408 47
63986 3
65960 1
66064 41
66526 37
67395 15
67671 16
69094 1
69143 25
71869 32
72808 18
73171 49
74419 26
75565 39
77353 35
78449 22
78858 46
79665 20
85624 5
85680 40
87165 44
88453 37
89131 48
90481 11
90981 16
91854 9
93670 47
95457 18
95649 35
96183 3
96192 41
96683 2
97255 49
97874 34
98341 35
98400 46
98880 30
99740 40
99999 23
176 1
-176 27
-175 87
-172 57
-170 64
-169 42
-168 87
-167 46
-165 77
-164 69
-163 18
-161 93
-158 62
-157 66
-155 46
-154 17
-153 26
-152 81
-150 15
-149 92
-148 44
-146 17
-145 41
-144 51
-143 43
-142 84
-140 64
-139 28
-137 49
-136 42
-135 71
-134 45
-131 94
-129 59
-128 48
-127 39
-124 25
-123 53
-121 38
-118 53
-117 66
-114 49
-113 66
-112 13
-106 91
-104 42
-102 51
-100 101
-99 52
-98 42
-96 49
-93 110
-92 44
-90 64
-89 72
-88 52
-87 21
-82 91
-77 94
-73 65
-71 26
-70 37
-68 94
-67 85
-62 70
-58 71
-57 59
-56 39
-55 80
-52 88
-51 75
-49 53
-48 30
-46 88
-45 51
-44 28
-42 38
-39 50
-37 52
-35 37
-34 27
-30 29
-29 51
-28 65
-27 37
-24 41
-23 51
-20 68
-19 42
-15 64
-14 77
-13 76
-12 15
-6 42
-5 31
-2 94
0 68
2 84
12 45
13 52
15 62
16 62
18 48
19 34
21 25
23 91
24 89
25 65
27 17
28 24
31 71
36 35
37 34
38 102
39 22
40 98
41 51
43 22
47 106
48 82
49 59
50 41
53 74
54 80
67 39
69 80
70 62
74 76
76 77
79 89
80 44
82 51
83 66
84 36
85 25
86 62
92 46
93 62
104 85
106 63
107 35
109 34
110 36
112 99
114 68
115 77
118 88
119 21
121 59
122 24
123 17
124 95
126 86
127 35
129 83
133 58
138 77
139 40
141 90
144 48
148 83
150 65
151 54
152 87
154 22
155 31
158 62
160 72
161 104
162 21
163 58
164 66
165 100
166 37
167 9
169 38
172 48
200 3
-100000 9781
-99998 4772
-99147 1987
-98098 3019
-97417 2383
-97168 5143
-95690 4319
-93161 2662
-91835 6217
-87423 3278
-87288 4163
-87185 3538
-85925 3560
-83822 1869
-83624 8269
-82587 1789
-82122 3643
-82108 4496
-80262 6310
-79429 4695
-78980 4943
-77712 7509
-74719 3877
-74203 4143
-73647 1673
-70854 3371
-70217 2885
-68340 8508
-68006 8881
-66646 7421
-66619 9327
-66248 4190
-65742 5643
-65327 5989
-65197 5957
-64949 3060
-63254 8043
-60995 3325
-60683 6134
-60214 3757
-58868 6962
-56285 4713
-55310 1987
-55173 3400
-54529 5153
-54355 5286
-51523 7459
-50836 2322
-50494 5969
-49798 3613
-48419 2728
-47231 6975
-46743 7165
-46646 4080
-46532 3652
-46195 7011
-45796 5245
-45344 6934
-43457 2708
-42482 8010
-41670 3906
-41308 1174
-35441 4664
-35165 8601
-34132 5613
-34028 3420
-31398 3684
-31038 7051
-30612 6880
-30419 4013
-29977 3941
-29063 6685
-27832 6430
-24663 6948
-22158 7451
-20830 3091
-19933 1832
-19279 6780
-19096 2892
-16932 5989
-16092 3682
-15509 5987
-13749 5440
-13501 5345
-12677 3016
-12587 3835
-11204 6081
-10467 7148
-10085 1724
-8628 2593
-7103 6236
-6473 5204
-4029 2995
-3754 7579
-3643 6629
-2971 5903
-2573 3473
-1834 5567
847 6535
4638 2874
7180 4436
7242 4386
9426 5957
9766 2129
11311 6357
12608 3146
13634 5106
14189 1326
14737 8563
15932 2339
17866 2484
18350 3731
20213 4320
21813 7388
23420 9471
23546 1628
24703 1845
24755 2659
27367 2775
27676 1855
28121 3267
28732 4886
28970 4271
29089 5103
29128 3657
31470 2682
31844 5351
33225 4253
33312 5341
34853 4333
35098 7459
35172 8340
36246 8337
38231 9050
38338 9412
38548 4069
38577 3324
38910 4932
40980 6558
41285 9221
42760 5157
43061 2673
43103 6042
44019 7256
45107 1610
46097 1740
46526 9391
46719 3361
46787 4084
47260 8794
49463 7121
49973 7887
50424 7051
51422 2110
51452 5948
51651 6170
52096 2077
55310 6972
55910 5863
58604 3226
61056 4236
62575 6240
63402 4463
64214 8561
67333 4961
69485 3164
69717 5899
70919 5026
74447 4592
75791 7701
76355 1671
76941 5600
77620 1898
77692 3137
79000 6508
79250 5231
79412 6524
79972 3700
80280 7457
81455 3729
81569 2284
81803 7497
83301 2518
85901 6032
86584 8917
88127 3590
89368 9315
89415 4995
90986 6252
91691 4773
91762 4539
93976 8786
95083 6334
96806 2229
97804 2683
98152 5042
98363 2753
99037 6234
99630 6816
100000 3041
189 3
-98278 49
-97173 73
-96948 52
-95767 39
-95747 57
-93711 41
-92472 59
-90276 47
-88088 80
-87186 40
-86121 36
-85517 24
-82781 95
-80452 33
-80311 20
-79579 91
-78783 59
-78288 77
-77869 37
-75220 46
-74998 31
-74723 29
-74276 26
-73614 53
-73148 57
-70773 32
-69968 36
-69678 87
-68966 71
-67173 74
-66361 72
-65879 45
-65560 56
-63731 38
-63604 29
-61482 75
-60820 24
-60719 61
-59828 35
-56312 65
-56017 13
-54886 43
-54410 72
-54142 45
-53564 29
-52391 64
-52278 42
-52154 24
-52050 40
-51595 54
-45627 66
-45292 79
-44270 28
-43790 64
-41309 23
-40913 30
-37839 72
-36352 41
-36238 59
-34643 14
-33942 46
-33390 33
-29881 18
-29600 79
-28312 48
-26473 37
-25484 71
-25298 20
-24226 47
-23879 15
-23407 33
-23334 68
-21724 67
-20026 98
-19700 23
-18005 29
-16481 72
-15723 52
-14406 69
-14166 87
-12062 51
-11042 51
-9907 85
-9591 7
-8681 36
-8050 38
-1066 83
-368 45
287 69
422 33
1012 52
2027 36
3256 76
4004 59
4725 93
6434 67
7451 49
8960 76
9946 61
10325 30
10435 39
10458 32
13591 78
19509 33
19834 19
21225 23
22651 48
23122 86
23220 94
23339 65
24537 35
25748 93
27250 39
27623 76
29573 83
29987 54
31114 69
33317 55
33350 79
35095 63
35714 38
36443 85
36735 32
37020 88
37642 34
38336 46
39494 33
40212 62
40374 92
42187 22
42852 78
44143 49
45825 48
45951 60
45988 62
46851 80
46924 50
48003 73
48583 46
53270 66
55297 92
56674 44
56780 77
57883 75
62561 32
63822 69
67001 43
67907 43
67923 86
68094 49
68525 65
68540 29
71029 57
71637 67
72151 49
72336 41
72496 30
73460 80
74672 39
74766 15
76127 34
76785 31
76840 34
78501 67
79205 26
80227 90
81181 72
82711 71
84743 79
85575 72
85744 25
87739 45
87894 54
87917 79
88104 31
88811 62
89617 35
90617 52
91642 56
91703 15
93979 61
94135 66
95208 94
95576 72
95758 52
96327 65
96509 60
97804 23
99419 22
35 5
-174 40113
-168 21381
-163 22285
-161 13958
-153 47434
-143 34983
-122 51149
-119 53313
-105 35741
-98 18452
-96 33409
-79 44745
-70 46318
-63 17214
-58 11218
-57 54085
-56 14308
-47 18282
-42 14427
-36 31105
-31 20903
-27 21881
-12 14766
-4 13835
7 18734
72 39658
74 32040
88 21004
97 9711
109 19862
129 35738
141 20994
150 36335
154 44304
171 14608
200 4
-100000 36
-99083 50
-98380 33
-98101 88
-97752 43
-97076 55
-96715 19
-96661 55
-95323 44
-95142 51
-93705 41
-92499 81
-91990 37
-91794 80
-90923 33
-89268 41
-89263 30
-89134 35
-86910 76
-85867 67
-83984 86
-81411 61
-80413 95
-80364 39
-80255 78
-79802 42
-78069 39
-77347 59
-76524 37
-75454 92
-75130 22
-74180 23
-73532 69
-73311 18
-71227 53
-70908 40
-69433 24
-69356 48
-68310 22
-66406 79
-65614 36
-65348 67
-65315 90
-65177 58
-65173 25
-64776 12
-64134 27
-63788 32
-61908 31
-61850 82
-60256 84
-58400 41
-56094 31
-55763 88
-55421 16
-55220 67
-54914 52
-54462 47
-54049 49
-53607 58
-52778 30
-50537 86
-42310 65
-42113 35
-41144 21
-38802 65
-37300 20
-36837 55
-35301 52
-33654 41
-30939 26
-30122 50
-29575 20
-27557 18
-26893 54
-26179 60
-24725 71
-23126 62
-22315 63
-21665 33
-20919 57
-19751 51
-19514 18
-15585 25
-15391 62
-12917 75
-12819 52
-12659 35
-11257 54
-11000 46
-10675 27
-8441 20
-7259 28
-6708 59
-6057 28
-5605 74
-5494 33
-5033 21
-3669 83
-2611 53
-2004 34
53 44
78 50
487 24
583 93
2604 62
2839 39
2859 43
4010 32
4284 65
4548 48
5058 36
6036 60
7449 78
9275 86
10399 68
12955 61
14346 40
16550 87
16911 84
17931 43
20200 52
21193 55
25994 19
29410 84
31800 32
32084 68
33034 41
34356 51
34841 55
35372 41
36949 35
37324 31
41149 43
41611 90
43263 68
43812 78
44266 74
46934 38
46974 51
47476 24
48089 36
48101 56
48186 82
48418 34
49121 66
50828 29
52451 65
53191 62
53820 65
54596 76
54700 63
56508 46
57039 3
57942 89
60334 38
61928 36
62043 41
62836 60
63257 42
64338 73
64789 49
64804 64
66199 68
66282 50
66362 47
66402 34
66768 17
67133 85
68215 22
69438 28
71083 30
72063 4
72212 46
72978 24
73413 41
75878 43
76249 32
76290 34
76326 68
79498 84
80841 21
80890 53
82261 24
82282 96
83717 61
83831 93
83842 67
84367 58
84667 48
86240 33
86698 47
88375 39
88947 90
91289 27
92578 74
97303 24
97840 91
99036 41
100000 32
175 4
-99939 1
-99722 1
-96761 1
-92598 1
-92155 1
-88817 1
-88299 1
-86750 1
-86560 1
-86262 1
-86060 1
-84891 1
-84361 1
-84306 1
-83718 1
-83512 1
-83338 1
-79994 1
-78590 1
-78407 1
-76012 1
-74889 1
-74031 1
-71640 1
-70135 1
-70101 1
-69857 1
-66372 1
-66033 1
-64905 1
-63481 1
-63331 1
-63038 1
-62419 1
-58155 1
-57201 1
-54778 1
-54757 1
-54155 1
-53847 1
-53112 1
-52362 1
-50740 1
-47940 1
-46412 1
-44774 1
-44240 1
-42541 1
-41409 1
-40209 1
-38701 1
-38246 1
-36389 1
-35802 1
-34153 1
-33555 1
-33552 1
-31530 1
-30902 1
-30799 1
-30639 1
-29923 1
-29019 1
-27153 1
-26199 1
-26070 1
-23752 1
-21754 1
-20745 1
-17828 1
-17442 1
-15371 1
-13099 1
-10710 1
-10344 1
-9854 1
-9088 1
-8745 1
-6869 1
-4314 1
-3087 1
-2173 1
-1988 1
-1958 1
-1472 1
-1062 1
-384 1
80 1
2010 1
2648 1
4593 1
5859 1
5985 1
8120 1
11646 1
12452 1
13315 1
14124 1
14913 1
16356 1
16822 1
17864 1
17949 1
22868 1
23284 1
23402 1
25024 1
25317 1
25783 1
27713 1
27928 1
29110 1
30157 1
31486 1
31580 1
40147 1
42872 1
43389 1
43539 1
43862 1
44562 1
44944 1
46080 1
46092 1
46637 1
47834 1
49305 1
49948 1
50590 1
52102 1
52262 1
52953 1
53536 1
53598 1
54160 1
54332 1
54671 1
57497 1
57820 1
58268 1
58349 1
61424 1
64890 1
68680 1
68855 1
70310 1
71161 1
71890 1
72356 1
72668 1
73504 1
75862 1
75923 1
76042 1
77651 1
77858 1
78409 1
80303 1
82162 1
82987 1
83234 1
84081 1
84944 1
85415 1
86268 1
86944 1
87536 1
87546 1
87825 1
89113 1
92819 1
93346 1
94882 1
95442 1
98420 1
200 6
-100000 7313
-98718 2783
-96706 5307
-95493 1818
-94113 6783
-93419 5095
-92325 2259
-91746 6408
-91650 3464
-87854 5670
-86469 5342
-86033 4603
-85377 6099
-82875 6548
-81682 5498
-80916 2365
-79389 6852
-79116 6127
-77178 6436
-76018 5386
-71928 2071
-71314 3332
-68218 3241
-64737 2768
-63629 6821
-62714 8699
-62686 2758
-62532 5361
-60972 3254
-60604 9753
-58708 2356
-58074 6615
-55840 5703
-54546 7994
-53357 4252
-53093 8862
-52256 6002
-51688 3418
-51619 1410
-51422 8437
-51273 2606
-50966 3517
-50334 4363
-50175 3547
-48861 3535
-48638 2718
-48555 2742
-48018 3974
-47302 6680
-46794 6237
-46468 3208
-46268 7409
-44672 3278
-43101 3095
-42055 2585
-41199 2091
-40357 2769
-39381 5606
-38375 4123
-36323 5443
-36300 6069
-36257 4706
-34702 4883
-34167 4199
-29069 3545
-28911 6619
-27598 5430
-27356 8890
-26648 2758
-25543 5209
-25004 3509
-24169 2641
-22381 7383
-20572 5439
-20155 4415
-18768 4195
-18631 5396
-18306 2975
-17720 7077
-16267 3339
-16219 3530
-15678 8025
-13257 1270
-12930 6841
-8713 3279
-6162 7861
-6105 2715
-5457 7657
-5317 7178
-4750 4651
-4310 7269
-4120 7896
-3852 7148
-2680 8048
-2488 4922
-2350 5141
-2005 5531
-1317 6662
-636 5295
490 6900
1062 3683
1795 1108
3354 3304
7422 3483
10228 2180
11864 5672
12218 3654
12896 6622
13588 3160
13706 6750
15869 4414
16073 7026
16673 6778
17294 4274
18516 5574
19445 2064
20195 5682
23557 3013
23863 2200
25580 2834
28236 5944
28879 1423
31917 7438
33448 6646
33458 7950
35208 4610
35365 5085
36459 2705
37724 5962
39033 7854
41582 7663
41757 8819
41833 2798
42650 2880
44461 3999
44878 6294
45258 6960
45348 7730
46020 1835
46421 2794
46544 6461
47380 1979
47518 2958
50098 1197
51364 3954
51736 5688
53242 1906
53408 7879
53510 6778
53698 4904
54068 3086
58048 7684
59344 6627
60573 6748
60611 4187
61221 7986
61586 6696
62620 6533
63243 5314
63397 9156
63786 1528
65127 6913
65829 3936
67595 3137
69095 1301
70039 2806
70625 8471
71257 6151
71394 7658
71578 2520
73937 1279
74682 6716
76472 4523
77130 2292
77365 3358
77971 5906
78176 5722
78483 3953
79150 9057
79553 7155
81062 5098
81603 3084
82647 6937
83938 5317
84154 6804
84408 5493
84463 2785
84890 6336
84907 3713
89216 6165
89725 2462
90725 4414
91629 2082
92142 6028
95248 9132
96349 4367
96382 3365
97175 9128
99373 4039
100000 8999
114 5
21486 99
21494 140
21498 48
21504 167
21509 168
21515 105
21523 121
21529 56
21539 127
21546 129
21551 106
21559 150
21567 156
21575 52
21576 160
21578 159
21587 69
21592 61
21596 95
21606 91
21608 163
21611 97
21618 126
21622 137
21629 94
21634 106
21639 43
21645 61
21647 63
21656 107
21663 155
21670 95
21680 60
21681 154
21684 128
21692 94
21699 135
21705 94
21709 100
21719 142
21722 92
21723 117
21733 94
21743 65
21746 52
21753 88
21763 99
21770 73
21774 56
21782 86
21783 41
21788 147
21797 147
21800 117
21810 121
21813 76
21823 61
21833 57
21836 45
21840 41
21849 52
21856 65
21860 71
21862 49
21867 39
21875 77
21881 124
21885 101
21888 92
21897 136
21899 97
21905 90
21910 64
21913 94
21923 91
21929 104
21938 105
21947 41
21956 42
21960 71
21961 134
21971 50
21977 37
21981 132
21983 96
21984 120
21988 116
21993 91
22000 45
22010 94
22019 59
22024 83
22033 46
22037 85
22041 63
22051 48
22052 88
22057 62
22064 55
22067 39
22069 86
22072 73
22077 77
22085 54
22095 42
22103 95
22105 56
22113 80
22121 60
22130 39
22139 41
22148 29
22158 16
22164 12
123 4
-99301 95
-98089 54
-94721 125
-92266 84
-91858 101
-89434 55
-86350 102
-86346 77
-84885 35
-84723 79
-83727 70
-83683 147
-80716 105
-80443 108
-79410 57
-77413 38
-76911 111
-72097 38
-69226 89
-63887 28
-60923 123
-60460 113
-59613 151
-59082 119
-58786 54
-56713 66
-54937 43
-54069 68
-52618 118
-48153 110
-42484 90
-41814 109
-38198 134
-36736 125
-29143 45
-27456 47
-27408 112
-23131 51
-21726 123
-20542 57
-19219 142
-18561 57
-17866 58
-17479 87
-17166 38
-15848 112
-15351 54
-12614 68
-12196 101
-9129 121
-5985 116
-5428 132
-3966 70
-2752 58
-2143 91
-1452 78
-1374 102
-673 82
559 106
4284 61
4340 52
5400 61
6150 52
10618 98
10918 113
11306 120
16060 65
17463 15
17958 40
18867 58
20386 28
22536 50
23264 43
23311 43
23384 85
23750 122
24365 24
25039 33
28264 90
29721 109
31627 88
33056 88
34045 33
36933 84
37155 113
40132 96
40842 126
41601 83
41962 73
43769 98
44426 138
46970 51
47458 62
50390 61
52892 73
53426 90
54812 68
55051 85
55131 95
55315 114
56747 36
58915 67
66380 64
67531 68
70436 71
74143 114
74594 100
77549 96
77994 138
78634 32
80151 29
80437 60
82057 92
83186 63
85373 56
86358 148
87445 38
88934 108
89169 16
91715 52
91948 112
95615 115
98411 108
1 951148
-26728 857428
159 3
-46398 38
-46387 64
-46377 58
-46347 130
-46341 66
-46334 134
-46326 88
-46320 124
-46291 118
-46290 134
-46263 62
-46254 108
-46252 71
-46237 41
-46216 147
-46195 125
-46185 53
-46155 124
-46134 80
-46133 129
-46113 43
-46094 88
-46092 118
-46079 137
-46072 100
-46066 113
-46050 51
-46044 57
-46016 65
-45989 68
-45981 99
-45957 107
-45947 66
-45919 62
-45891 74
-45882 127
-45872 69
-45844 86
-45838 88
-45813 67
-45799 48
-45770 122
-45765 51
-45750 77
-45742 115
-45717 75
-45705 124
-45681 63
-45656 65
-45644 87
-45620 83
-45597 94
-45595 87
-45589 120
-45568 102
-45558 119
-45537 83
-45512 35
-45486 63
-45476 76
-45449 32
-45439 118
-45434 113
-45405 109
-45376 72
-45348 72
-45326 50
-45302 85
-45300 92
-45279 87
-45259 101
-45241 78
-45219 31
-45193 62
-45165 77
-45153 26
-45131 79
-45130 50
-45101 22
-45091 59
-45090 71
-45080 76
-45062 45
-45055 76
-45039 20
-45036 28
-45025 65
-45010 51
-45002 66
-44991 20
-44984 24
-44964 49
-44938 45
-44922 46
-44911 8
89060 22
89067 54
89084 47
89114 64
89141 22
89144 48
89155 55
89158 36
89174 49
89179 80
89186 19
89188 49
89218 33
89248 61
89253 27
89269 23
89274 56
89279 76
89288 22
89307 73
89317 40
89343 61
89370 62
89385 57
89406 43
89427 48
89432 49
89439 58
89450 27
89475 37
89483 38
89497 32
89522 40
89539 30
89552 28
89581 39
89600 63
89604 55
89609 38
89627 55
89647 23
89653 64
89675 39
89686 41
89696 62
89704 47
89712 46
89725 57
89734 23
89760 13
89787 36
89792 31
89794 44
89815 49
89832 12
89847 27
89854 31
89867 26
89883 35
89904 36
89924 15
89942 22
89961 18
89981 9
87 1
-98181 8040
-94422 8592
-93416 14051
-93356 13137
-92817 9199
-91094 9502
-91037 5114
-86737 19510
-85380 20048
-82696 17220
-79612 20559
-78137 5981
-77885 9087
-73913 5116
-72552 9873
-70703 5972
-69311 8768
-68813 11454
-67552 8028
-66408 8243
-58056 4588
-57885 5021
-55560 6921
-50897 11279
-50569 3544
-46457 6605
-45525 16336
-28835 18576
-26844 19547
-25979 20508
-25874 16798
-25461 10029
-22788 11417
-20741 13084
-10920 20081
-8420 7310
-6460 11590
-5874 13717
-5675 15396
-5655 15087
4251 7854
6632 15516
6830 10246
9138 8503
9661 11142
10868 9222
11130 7098
12372 12085
14389 11373
18459 16516
19553 12526
24446 18176
25932 19618
31548 7529
31676 5832
31917 8237
34393 17888
34498 5269
35435 12399
35681 21629
42836 6341
43183 18207
44322 7865
48465 10061
51435 6054
53353 13060
56042 6391
56866 10752
59676 8481
60182 178
64309 12289
68000 17648
72399 15453
74276 13122
75317 14001
76834 5122
77342 7328
78072 8287
79409 17135
79743 13834
81384 11878
81720 11611
82027 7041
84095 10621
92037 19264
92844 15960
98842 8295
200 31
-99514 45
-99043 39
-98895 3
-98546 23
-97153 1
-96836 4
-96524 1
-95501 11
-95013 25
-93205 4
-92327 39
-92163 2
-90892 29
-90681 25
-87550 1
-87490 43
-86627 31
-86565 32
-86279 43
-84771 27
-84144 23
-84053 14
-82730 11
-82266 49
-79890 26
-79060 45
-77695 21
-77158 35
-76302 3
-72775 3
-72178 39
-71018 2
-70845 31
-69517 4
-68636 38
-68604 17
-66587 15
-66360 38
-65373 4
-64805 16
-64799 42
-63816 47
-63528 11
-61791 15
-59880 46
-57963 19
-56210 15
-54800 2
-54784 5
-54383 19
-54134 40
-54124 7
-53976 15
-53006 32
-52988 33
-52277 50
-51125 10
-50999 38
-50820 31
-48743 36
-47878 21
-46383 11
-45095 28
-44753 29
-43658 21
-42756 29
-42743 32
-39220 17
-38506 32
-37315 17
-35865 48
-33000 40
-32021 16
-31462 32
-28768 32
-27367 25
-25938 24
-24850 37
-24733 50
-24575 36
-22834 14
-22089 34
-20896 50
-20878 46
-19853 1
-17896 46
-17600 30
-17132 8
-16007 15
-14583 44
-14040 9
-10664 1
-9198 4
-9128 35
-9081 6
-8946 25
-8398 35
-5593 18
-5032 9
-3803 18
-3181 27
-1690 8
-1295 50
-1201 4
-1168 7
-969 15
70 16
113 50
736 3
1046 24
1170 6
3197 30
3874 8
4159 28
5671 14
6424 28
7520 11
7524 50
7580 3
7976 26
9300 4
11311 27
12341 6
12655 38
12721 13
15298 19
15768 11
17194 12
18084 50
21084 36
21224 37
21688 6
22885 2
24816 8
25026 12
25141 17
25463 25
25673 37
25765 23
26450 43
27055 39
27337 7
29088 12
29099 20
31952 11
33301 26
33440 22
33923 45
34848 40
36207 28
37185 38
38968 20
39775 41
40028 46
41042 36
41263 2
44558 50
47425 24
48777 29
51904 26
53122 2
56454 38
56885 34
57540 45
57767 35
58064 29
60689 18
62033 35
62910 8
62918 24
65153 18
65266 18
65525 36
66438 32
67567 38
69088 6
69216 10
70584 11
70750 27
72054 19
77217 28
77950 32
77965 49
80837 6
83981 49
84295 3
86257 8
88113 37
89307 15
89354 14
90717 27
91070 42
94179 13
94925 32
95322 10
95823 2
96230 1
98240 36
99547 4
99890 9
200 93349
-100000 44
-98893 79
-98329 18
-93765 51
-93126 58
-92217 89
-91814 37
-91759 80
-89491 33
-89360 47
-88296 37
-84504 82
-82801 37
-82253 52
-82190 32
-82032 49
-77475 38
-77223 29
-75577 39
-75288 46
-74262 29
-72969 72
-72417 20
-71704 48
-71581 45
-70880 59
-70565 48
-70188 53
-66637 26
-66129 68
-64007 53
-62954 22
-62761 49
-62155 55
-61555 32
-60376 91
-59041 17
-57815 86
-57794 71
-57540 87
-57442 65
-54999 71
-54280 24
-54107 47
-53357 62
-52919 47
-52106 31
-51323 85
-48640 29
-48245 56
-48101 74
-47935 31
-47438 74
-44173 17
-43688 55
-43058 83
-42576 79
-42544 46
-42153 38
-42033 73
-41200 56
-39827 49
-37105 38
-34432 65
-33842 85
-32250 53
-31982 30
-30749 27
-28461 47
-28026 61
-26546 46
-25138 60
-22828 46
-21570 83
-20895 59
-20708 39
-20170 58
-18840 20
-18613 55
-18024 34
-17801 78
-14878 20
-14452 82
-14048 63
-13521 23
-12671 97
-12328 16
-11950 77
-10287 17
-8434 84
-7968 30
-4649 32
-4297 24
-4181 69
-3041 47
-2192 71
-2154 82
-1906 72
-924 36
-663 84
191 23
2014 46
2033 61
2295 67
2525 25
3700 60
3910 67
5619 58
7784 85
8172 30
8549 18
9453 65
10006 79
10391 59
11139 34
11357 67
11615 47
14677 74
15196 36
16105 81
16488 45
17475 97
20116 61
21285 66
21650 70
25333 41
28322 44
29638 39
30415 67
30894 42
33193 70
33382 34
33720 50
34960 58
35293 47
35626 30
37368 47
39812 94
42654 35
45102 58
45118 29
47188 44
48431 51
49501 66
50832 60
53520 76
54994 33
55735 92
56675 23
56686 27
57619 48
58637 60
60246 61
61003 35
61259 46
62396 38
63862 51
64885 24
64910 18
65141 20
65518 25
66137 43
66256 26
69570 55
69684 41
70588 19
71236 43
72649 24
73184 57
74070 57
74363 38
74417 37
74946 80
76040 50
76319 7
79620 45
79792 33
81065 63
81958 61
82095 54
84826 21
86746 67
87314 22
87504 24
89181 51
89861 61
90713 33
94245 26
95571 9
96269 25
96656 34
97164 24
97211 69
98301 60
98382 27
99073 80
99380 79
99668 47
99687 66
100000 28
108 1
-98842 3977
-97682 9457
-93885 13138
-93738 6466
-88789 7466
-86907 4807
-86618 10042
-84562 13210
-83772 12695
-82256 4606
-77086 7558
-73449 6800
-71386 7086
-70901 7980
-67572 8976
-66694 6694
-66546 15383
-63009 13011
-62612 6185
-60893 12588
-53617 17485
-51661 9901
-50003 7146
-49564 5428
-48045 4528
-47310 13179
-41211 8813
-40966 7650
-40472 5535
-40453 10606
-39736 8769
-37491 14704
-36263 12252
-35048 5783
-34998 9576
-34383 13685
-34339 5502
-34230 12398
-33895 12084
-30615 5488
-29138 14211
-28582 5964
-28459 5335
-23083 9362
-19565 10908
-19068 6625
-18624 15424
-18296 16750
-17746 9150
-17172 4885
-13471 4771
-12730 7471
-12196 8936
-11702 7187
-5599 9920
-3875 6385
-3045 4307
-1151 10186
549 5095
4408 5449
9580 9930
10725 6813
11124 56
11211 17685
15581 14804
18190 4678
18956 13220
20408 14932
22320 3348
22428 6377
23645 10063
28178 11472
29841 8908
32562 8126
33190 11170
35931 4506
37505 14346
38933 7640
40151 10996
45031 7327
45671 10152
46793 8440
48360 11194
49502 14447
50601 10551
51621 9584
52937 7595
53076 7210
55227 6832
56058 8593
58172 12959
59529 9450
60163 10140
61514 6660
62228 9087
71247 9959
71990 6501
73357 10654
74235 7211
75781 6728
77291 17166
84170 15668
84370 8801
87770 5968
94643 11523
96884 13029
97075 6185
99227 14327
200 173
-98233 2
-95501 2
-94672 8
-94152 8
-93481 2
-91814 4
-91339 5
-89636 7
-87152 3
-85444 2
-84798 1
-83510 7
-82982 7
-82718 9
-81101 6
-79748 4
-79203 3
-79047 2
-78813 8
-76175 9
-75340 4
-73952 5
-73620 5
-73001 1
-72509 2
-71643 6
-69958 5
-69007 8
-68328 8
-67982 2
-67401 10
-64895 3
-64781 5
-63831 5
-63407 5
-60334 5
-59237 6
-58981 10
-57929 3
-57421 2
-56500 4
-55957 5
-55919 8
-55726 2
-55488 2
-55377 2
-54697 1
-51600 6
-48743 10
-46853 9
-46526 4
-46369 5
-45644 3
-42898 3
-42641 6
-41673 10
-41609 10
-37948 10
-37756 10
-35525 6
-35287 5
-34155 7
-32641 2
-32596 4
-31342 3
-28069 6
-26843 6
-26291 6
-25518 7
-25341 6
-24055 4
-23610 5
-22458 2
-20067 4
-18500 7
-16818 5
-16709 9
-16589 2
-15885 4
-14942 1
-14755 8
-14450 5
-14156 9
-9004 6
-8234 3
-2946 8
-1991 7
-1082 3
-166 8
2526 1
3758 9
4176 10
4548 10
5944 10
6341 7
6473 3
7342 10
7748 10
8547 3
8670 4
9175 7
9720 5
10136 5
10224 3
10979 5
12594 9
13140 9
13731 5
13887 1
14304 5
14883 7
16531 3
16675 7
18881 6
20643 9
21677 6
24616 3
25239 10
25457 9
25781 1
26536 6
26967 2
27197 7
27540 4
28733 1
30986 7
31467 8
31872 4
31912 3
32172 6
34262 10
35775 1
36485 5
37932 9
38906 4
39029 9
40180 9
42778 5
43353 8
43875 5
47792 10
48291 6
49082 3
49458 2
49960 1
50611 1
51077 1
51523 2
51556 2
54551 9
54724 2
56365 6
57387 10
57860 8
58039 10
60060 5
60620 6
60788 7
61554 2
61637 7
62283 8
64967 3
65219 1
65687 5
66055 10
66521 1
66746 10
67999 3
68518 6
72266 6
72480 5
74048 6
74211 4
74569 10
75436 3
76469 7
77666 7
77805 2
79513 9
82523 3
85535 8
85800 10
86555 1
87088 8
87377 4
88481 5
89205 7
89215 10
90868 6
93498 6
93613 9
93837 2
94087 5
94952 5
94982 10
97152 2
97572 3
98140 6
99183 6
99848 3
200 10
-96787 39
-96545 12
-95707 40
-95690 43
-94019 4
-93670 18
-93272 40
-92940 26
-92043 44
-91570 11
-91247 33
-91071 46
-89788 14
-89635 2
-88935 5
-88687 44
-88302 46
-86160 16
-84153 26
-84118 3
-83555 9
-82177 6
-81289 15
-78051 25
-77929 30
-77907 8
-75565 19
-75559 28
-74968 35
-74034 27
-71613 33
-71313 31
-70649 26
-70563 16
-69521 7
-69231 35
-67213 40
-65147 17
-63195 24
-59425 14
-58957 28
-58322 17
-57423 27
-56822 34
-56710 26
-56372 50
-56088 32
-55046 36
-53253 32
-50699 13
-44234 21
-43348 7
-43318 40
-42857 16
-40891 15
-40701 17
-39550 3
-35682 44
-34855 30
-34839 41
-32735 39
-29626 13
-29119 24
-28463 32
-28183 1
-27789 44
-27645 46
-27414 30
-26229 24
-25819 47
-25285 27
-24651 34
-23705 50
-23678 9
-23476 4
-23135 34
-21635 41
-21427 16
-20499 45
-19899 20
-18117 46
-17440 17
-11892 15
-11275 25
-11176 44
-9637 28
-8982 38
-8188 2
-6377 38
-5217 17
-4655 12
-4359 37
-3623 45
-1593 19
-829 3
-683 36
4152 3
4477 39
5291 1
7717 8
8101 40
9031 17
11195 49
12928 17
13996 31
14151 33
14250 33
15391 46
18299 24
18539 18
18759 4
22759 26
23866 8
24510 26
25181 32
25246 5
26672 20
28026 1
28078 42
29609 8
30040 50
30464 17
33417 10
34097 12
34278 30
35433 11
36791 37
37775 42
39414 3
39640 5
40376 1
41112 7
42894 33
43100 42
45460 26
45858 1
45919 38
46018 10
46345 31
46667 34
47088 2
47565 44
48130 33
48336 35
49009 3
49104 22
49190 49
49999 25
50253 39
50872 10
52963 17
53618 40
54592 29
55528 5
56775 21
57545 20
58418 35
60074 14
61683 47
62915 5
64549 37
66421 3
66613 8
67915 20
69344 46
70574 11
71009 41
73282 18
76115 2
77026 29
77408 12
78759 47
78972 10
79535 15
80393 10
81532 8
81604 50
81987 36
82888 42
83628 7
84641 38
84928 2
85036 21
88030 49
88235 46
88675 46
89082 25
89207 5
89833 6
91148 46
91336 43
91413 13
94121 20
94456 50
96153 5
96533 1
97457 27
98862 22
99264 27
99380 20
200 1000000
-100000 62
-99761 59
-98264 69
-96836 35
-96242 70
-95763 56
-95720 62
-95402 51
-92309 70
-91541 53
-89185 93
-88629 36
-87056 51
-86909 70
-85790 89
-85301 33
-85156 81
-84479 32
-84098 95
-83980 27
-83615 31
-82539 23
-81657 24
-81639 76
-81172 67
-78551 81
-78451 36
-76496 25
-75361 29
-74443 68
-73181 80
-72375 56
-71762 75
-68512 94
-67948 77
-66862 42
-66109 40
-63953 60
-63156 25
-61558 37
-61250 48
-59746 59
-58842 32
-56970 65
-56541 18
-54183 71
-53488 97
-52237 88
-50261 22
-47690 87
-46733 49
-43724 54
-42174 61
-39653 41
-38468 69
-38359 63
-38142 52
-37099 58
-37083 73
-36668 27
-32870 46
-32780 65
-32473 32
-32005 55
-29349 28
-28586 25
-25589 17
-25468 60
-25089 27
-23633 41
-19964 69
-19937 74
-17672 56
-16842 76
-16254 50
-15595 24
-14563 18
-14092 27
-13744 37
-12613 44
-12256 45
-10808 14
-10046 62
-9932 58
-8200 73
-5110 50
-4140 39
-3691 13
-923 41
152 13
1470 24
1692 39
3000 43
5402 66
6685 63
11581 53
12436 23
12450 45
12700 60
12794 41
13092 70
13989 54
14096 57
15463 36
16163 50
18172 60
18316 65
19752 61
20163 56
23598 28
24615 31
25333 49
25794 23
27446 26
28495 89
28683 64
29528 50
29943 39
31071 22
32642 77
33365 25
33721 39
33943 59
34098 33
34666 27
36551 31
36840 21
37551 80
37705 79
37851 64
39672 64
40148 46
41338 87
41964 15
43453 69
43522 63
44094 57
44531 12
44536 20
45018 23
45140 82
45620 35
47106 67
47271 51
47341 89
48342 23
48780 69
48891 25
49700 25
51884 73
52385 27
54632 31
55703 41
56056 73
58023 53
62106 54
63312 57
63599 31
64081 22
64155 46
64625 73
67253 64
68127 42
68560 62
69757 59
70540 12
70732 38
70842 78
71450 22
74917 26
74954 52
75984 34
77592 61
77683 45
78210 71
78290 22
81225 72
82084 61
83708 47
84729 48
85681 13
86256 62
86319 78
86496 70
87432 48
88593 43
89068 43
90361 32
90715 25
91473 44
91674 64
92866 57
92989 97
93187 41
96510 37
97135 25
98570 41
98720 55
99723 36
100000 95
200 10
-100000 28
-99901 85
-99594 64
-99479 58
-97883 85
-97726 90
-97641 36
-95959 26
-94631 77
-94616 36
-94532 36
-94054 33
-93961 41
-92984 73
-92385 82
-90664 42
-90446 43
-90143 57
-89014 40
-88098 53
-87466 84
-87262 55
-87247 32
-85509 90
-85036 55
-82473 27
-80301 43
-80291 30
-76992 28
-76549 38
-76503 56
-76001 92
-75914 25
-75437 47
-72908 36
-71891 69
-71672 63
-71154 33
-70213 11
-69689 18
-69546 65
-69309 24
-68311 44
-65014 23
-64404 46
-63094 33
-62341 72
-59916 65
-57268 71
-56824 28
-55623 51
-55229 39
-55223 26
-55190 44
-53454 26
-53293 82
-53121 86
-52820 47
-52245 64
-49427 65
-47830 74
-46999 55
-46478 65
-46256 45
-45613 17
-45348 24
-44899 35
-42222 31
-41209 36
-40008 50
-39530 34
-36891 68
-36253 80
-32651 50
-27768 59
-27028 82
-25643 91
-25039 27
-21568 30
-21411 23
-20592 55
-20023 77
-18563 33
-16938 31
-15858 29
-14595 67
-14273 40
-13353 98
-12914 25
-11958 24
-10418 69
-10104 62
-9876 32
-8225 42
-7915 36
-5625 62
-3639 39
-3241 82
-3058 75
-2650 79
-2021 19
-2010 22
4286 32
4714 36
5816 59
6608 58
7614 88
8034 23
8162 27
10712 36
11989 23
13713 27
14238 90
14652 20
15814 69
17277 23
18513 47
19759 47
20813 12
23995 86
24915 48
25362 24
27095 62
27510 11
27756 55
28739 75
29133 55
29479 47
29511 51
29685 50
30665 42
31529 24
31765 77
32183 78
33326 58
34350 94
34491 23
35006 44
35974 20
37281 40
37628 82
39186 63
39363 52
40995 69
41418 26
41612 35
42102 46
42199 54
42345 35
42984 27
44106 65
45228 69
48257 66
50439 52
53213 27
53978 55
55000 39
57887 69
59563 54
59846 45
60536 43
64598 66
64742 73
66951 73
66989 79
67503 51
68295 25
69105 70
69175 38
69472 62
71252 65
72037 40
72885 71
73016 56
74090 77
76728 43
76930 21
78054 50
83035 48
83108 27
84463 27
84542 35
84550 78
84599 34
85672 23
86355 49
86519 45
87490 54
89704 73
90520 83
90813 54
91394 39
92023 28
92428 88
92978 29
93944 65
94386 26
94606 69
94633 91
100000 29
90 56771
-62872 181
-62863 128
-62853 202
-62848 61
-62847 215
-62844 166
-62834 138
-62833 123
-62831 92
-62828 148
-62827 60
-62820 125
-62812 114
-62806 118
-62803 157
-62796 114
-62786 198
-62777 170
-62770 206
-62760 178
-62753 50
-62747 135
-62742 62
-62733 164
-62727 88
-62724 63
-62723 159
-62718 129
-62717 99
-62711 130
-62704 157
-62700 56
-62691 157
-62683 124
-62673 76
-62670 54
-62666 181
-62662 129
-62654 120
-62648 131
-62641 179
-62640 109
-62639 165
-62630 134
-62626 159
-62621 76
-62616 180
-62607 67
-62603 132
-62594 108
-62586 55
-62585 159
-62583 164
-62573 170
-62571 72
-62566 107
-62559 110
-62550 116
-62548 114
-62541 67
-62539 45
-62532 147
-62522 72
-62520 134
-62517 141
-62507 120
-62503 97
-62499 119
-62489 132
-62481 113
-62479 45
-62478 125
-62469 53
-62465 52
-62457 32
-62451 75
-62445 123
-62437 64
-62436 97
-62433 106
-62423 83
-62416 27
-62410 31
-62409 90
-62404 61
-62399 51
-62397 64
-62393 27
-62384 27
-62375 26
200 34
-99734 27
-98378 10
-96584 3
-96211 7
-95360 18
-94004 45
-93452 1
-92961 32
-91042 13
-90226 50
-89150 9
-88924 18
-87843 45
-87595 49
-86841 35
-86747 33
-86652 49
-84745 13
-83589 6
-80615 2
-80370 4
-80100 49
-78826 6
-76316 22
-72328 48
-70117 11
-69717 1
-69238 5
-69159 42
-68360 38
-68088 40
-67665 41
-66339 13
-63616 40
-62481 25
-62288 45
-61780 39
-61149 35
-60691 25
-58658 13
-58321 30
-57637 32
-56834 4
-54752 27
-54036 42
-53479 24
-51745 37
-49426 21
-49040 23
-47812 21
-47131 3
-45832 27
-45466 12
-45128 38
-44854 22
-42392 13
-42377 28
-41374 33
-41135 33
-39150 28
-39098 27
-38186 7
-37709 19
-36162 16
-36121 40
-35477 39
-34453 4
-34202 38
-33709 32
-31409 4
-31396 30
-29378 6
-28246 12
-26887 39
-26254 1
-24977 22
-24874 19
-24840 43
-21603 8
-21337 29
-17982 45
-17902 42
-15216 37
-14751 15
-12927 7
-12014 23
-11998 37
-10451 42
-10418 18
-9491 46
-8346 46
-7998 48
-7897 49
-7591 5
-7506 50
-7122 8
-5910 3
-4785 45
-4331 31
-3142 10
-2315 31
-2227 22
-1925 13
-1261 17
-1242 46
-682 50
-440 33
-250 10
924 39
1301 42
3910 47
5236 37
5731 49
7082 43
7303 43
8959 17
10148 39
11134 40
12883 6
12983 32
13217 22
13309 44
15244 30
15702 37
18064 19
20310 10
20927 26
21871 18
22126 28
23702 6
26082 18
26417 44
27528 15
27874 8
28216 43
28330 23
29026 22
30231 19
33158 21
33757 23
34883 35
36845 5
37179 30
38493 38
39631 38
40804 27
41407 21
42684 11
44305 7
46759 7
49353 11
49554 16
51444 49
51635 37
51899 43
53149 9
53402 45
53482 40
56944 41
56988 32
58859 24
59298 32
59707 30
62504 30
62667 14
62867 38
63710 19
65086 8
67888 39
70792 37
70914 7
71069 8
72048 11
72918 28
73100 28
75611 30
76102 20
76526 45
77734 7
78688 39
79518 16
79765 46
80033 29
80544 2
80630 3
80886 49
81096 34
86003 14
86279 7
87393 49
87765 3
89034 37
90888 43
90905 24
92670 9
97524 23
98137 40
99425 9
99651 25
99749 38
200 78234
-100000 47
-99188 34
-99052 62
-98895 11
-98755 30
-97148 64
-93355 88
-91201 11
-90542 47
-90158 61
-89609 60
-88331 76
-88325 63
-86442 61
-85057 36
-82989 71
-80986 22
-80110 67
-79820 47
-79250 48
-78877 43
-77744 52
-76905 47
-76291 28
-75574 48
-75366 50
-74446 81
-72783 34
-71265 58
-71108 54
-69362 41
-68966 45
-68644 32
-68204 37
-65435 29
-65415 80
-65190 83
-64293 33
-63886 37
-63455 23
-62348 29
-61874 86
-61166 21
-61140 59
-60235 30
-59415 29
-58883 71
-57954 85
-57855 39
-55922 83
-55209 71
-54527 64
-54130 65
-51500 56
-51476 33
-51331 99
-50273 35
-49455 36
-49148 82
-48866 85
-48249 44
-47088 79
-45990 27
-45776 30
-44730 98
-42213 36
-41217 58
-40491 21
-40329 90
-39593 42
-39495 60
-38144 42
-36989 42
-35566 42
-35539 22
-35513 24
-35276 51
-33077 49
-32025 69
-30668 66
-29410 25
-26673 60
-26435 44
-26269 57
-25924 50
-22914 65
-20333 28
-18919 58
-16874 49
-15458 38
-10794 42
-10220 44
-5698 38
-5248 48
-4563 44
-4372 30
-4260 48
-3862 45
-1237 60
-1065 88
-685 34
-499 20
-466 26
566 48
2945 54
6512 40
7022 45
7928 44
9496 18
10213 72
12982 25
13975 80
17196 64
17395 48
20832 49
21173 30
21470 18
21971 81
22580 91
24920 29
28905 68
29436 76
30535 41
31476 18
31534 66
32659 85
33634 77
35989 14
37031 10
37980 45
38258 26
39652 14
39860 56
40208 38
40212 96
40405 41
43006 11
43073 71
43475 74
43577 29
44325 33
48224 83
48570 27
49112 31
49191 35
49205 23
49907 62
51056 54
51163 36
52024 72
53500 25
54556 51
56239 43
56326 80
58787 60
59430 34
60287 58
60331 20
60832 57
60965 32
61664 91
62375 52
62784 28
63275 55
64160 32
64248 25
65715 22
68189 37
69279 71
69868 58
71254 90
71788 54
71813 50
72083 26
72936 60
73666 53
74959 35
75290 66
83316 84
84175 59
84293 34
86445 60
87738 49
87748 79
89036 50
89194 40
89417 43
90093 74
92097 62
93472 57
94167 42
94172 87
94648 68
96077 59
96459 53
98551 62
99181 27
99698 40
99706 42
100000 84
200 1000000
-100000 7157
-98348 7849
-94551 4516
-93127 8458
-91769 6803
-91738 5084
-91580 3550
-91226 2853
-91143 6923
-91141 5159
-90364 4178
-89952 8013
-88603 7081
-86984 8170
-84019 3047
-83537 3779
-83081 8011
-80812 2664
-80091 3091
-79212 2800
-78342 8589
-78323 6346
-74945 7552
-74509 5665
-74023 6030
-73833 3510
-71849 1877
-71720 6932
-71308 2186
-67242 8202
-65746 7197
-65611 4712
-65086 7731
-64605 3950
-63226 1076
-62747 6875
-60484 6134
-60311 3610
-60222 5761
-58919 2901
-57131 3372
-55557 4095
-55319 3964
-54642 4804
-50506 4475
-49758 6692
-48961 5905
-46882 7949
-46690 1006
-46405 2955
-45759 4671
-45343 8118
-45130 5014
-43806 7541
-42133 4258
-41743 5001
-41598 8022
-41567 8583
-41381 8355
-39741 3160
-39628 4269
-38858 6850
-38038 6681
-34326 2507
-33377 2085
-32682 5089
-32527 6210
-31603 2225
-31456 9280
-31228 5228
-30798 2570
-29639 8237
-25245 4914
-25066 4034
-24546 998
-23686 7222
-23617 9694
-22508 3946
-21190 5656
-20472 3515
-19507 5442
-19036 3662
-18424 5986
-17972 9065
-17619 5643
-14870 8049
-14370 3800
-12560 3649
-11958 7293
-10390 3587
-10034 3086
-9552 5178
-9134 6875
-9104 4417
-8324 6481
-7342 1545
-7340 5259
-6990 2016
-4430 5663
-2939 2996
-2681 4104
-1303 4752
-1148 5120
1659 3757
1809 8603
2944 2126
3360 4149
3496 2425
4323 8016
4448 3936
4776 7991
5976 9015
6421 5199
8867 2941
11391 7346
12116 6125
12414 6114
14480 8318
14647 2113
15690 5692
19180 2852
23038 2338
23431 5454
25368 3856
28272 3506
29930 4347
30638 3112
31666 2875
32491 3289
32709 3875
33807 3610
33887 4196
34093 8454
35421 6627
35557 4317
36916 7361
38462 6149
40031 6886
40575 1719
42915 3429
43835 3846
45326 2452
47598 6263
47740 1708
48207 4364
48526 3183
49417 4745
50163 6450
52574 6924
52988 4557
56789 4580
60676 3682
61213 2341
61676 8403
62390 6706
63069 2326
64714 2399
64882 1499
67422 5216
67660 7685
68343 2502
69635 4164
70611 3436
71650 5620
71674 8930
71966 4682
72602 6108
72948 4366
73137 5735
73910 4865
74594 2854
75996 2442
76365 2881
77905 3290
78041 4318
78608 7595
78817 5040
78860 3031
79453 3273
83277 6182
83391 2055
83464 2322
84559 2602
85246 2960
86022 6202
88801 2293
88965 7071
89043 8964
91858 8392
92364 7980
93603 7322
94744 4113
96570 5470
97035 2376
98234 7305
98567 4485
98909 3944
99054 2754
99329 3810
100000 5979
91 9
-82765 163
-82738 94
-82715 62
-82711 191
-82694 155
-82674 131
-82656 233
-82631 106
-82610 144
-82589 74
-82578 229
-82556 230
-82552 216
-82539 72
-82526 168
-82523 145
-82499 181
-82471 114
-82442 90
-82419 164
-82396 129
-82391 126
-82376 200
-82350 130
-82348 182
-82330 106
-82328 215
-82326 60
-82315 69
-82286 188
-82263 86
-82255 97
-82249 156
-82233 152
-82205 194
-82194 172
-82191 79
-82177 93
-82171 116
-82166 155
-82165 89
-82154 127
-82132 88
-82111 76
-82101 178
-82099 117
-82096 135
-82086 111
-82081 68
-82069 174
-82045 156
-82039 129
-82011 82
-81992 153
-81980 136
-81956 110
-81949 107
-81943 91
-81935 35
-81929 75
-81901 34
-81882 71
-81875 50
-81845 103
-81831 29
-81825 38
-81809 85
-81801 33
97209 96
97239 41
97250 140
97278 123
97289 125
97317 65
97329 65
97356 74
97358 56
97359 52
97385 93
97397 89
97421 51
97442 86
97453 51
97458 45
97482 47
97492 35
97496 85
97500 55
97524 82
97548 67
97566 12
74 1
-74 11061
-71 6671
-69 18564
-66 13345
-64 12107
-63 11460
-62 11907
-58 19579
-56 9232
-55 15317
-54 7704
-52 15069
-50 21741
-49 14339
-47 19262
-46 8622
-45 11088
-44 20777
-42 20919
-38 13628
-34 14585
-31 6287
-29 3631
-28 4779
-26 5511
-24 13612
-20 20276
-18 17662
-17 14958
-16 20037
-15 13563
-13 18335
-12 22262
-10 6909
-8 12878
-7 7934
-5 9659
-4 21879
-2 9845
-1 20767
1 8775
2 16986
3 21279
4 5559
10 24877
12 7338
13 11823
15 10077
16 20472
18 9968
21 15811
26 17449
27 20427
34 11577
36 13505
38 8168
40 10041
41 8697
45 8580
48 4074
49 16133
50 23053
51 15976
52 14326
53 11983
54 9353
56 12294
58 21292
64 8060
66 18793
68 8541
69 10070
71 16286
73 7372
1 1000000
-52896 1000000
1 876431
52987 7149
200 4
-98315 91
-97901 133
-96678 15
-95702 101
-95569 22
-95255 181
-91710 123
-90549 69
-90525 111
-89163 250
-88947 78
-87869 217
-86384 99
-85886 111
-84901 246
-84604 17
-84114 42
-79293 97
-79033 204
-77765 23
-75712 155
-72856 107
-72757 31
-72691 127
-72396 182
-71329 203
-70447 76
-66886 127
-63361 12
-62674 231
-61751 234
-60832 149
-60631 247
-58708 81
-57944 145
-56704 27
-56206 158
-53553 30
-51844 12
-50095 33
-49647 88
-48741 202
-48034 107
-47429 190
-46920 167
-46520 79
-46272 166
-44467 28
-42704 176
-40134 112
-39756 63
-38880 221
-38443 124
-35139 111
-35016 111
-34728 180
-32315 81
-30990 213
-30103 62
-27356 9
-26944 71
-26409 128
-26231 18
-25800 250
-25783 115
-25265 12
-24220 101
-22363 100
-20655 85
-20425 63
-20211 57
-19008 96
-18970 123
-18252 28
-17968 210
-17118 14
-16853 77
-15751 118
-13092 250
-12684 138
-12222 182
-10049 244
-9817 86
-8316 210
-7877 6
-7761 68
-6300 13
-4654 51
-3859 221
-3778 23
-2460 68
-1962 165
-598 233
-449 192
1205 103
2441 197
4208 183
4468 167
8477 236
8922 141
8978 249
11540 155
12272 222
12360 101
12988 236
13913 77
15232 113
15394 152
17346 78
17960 178
18372 126
20116 65
20549 119
20697 177
21217 107
22977 48
23127 126
23550 219
23697 110
25310 142
25644 145
27018 205
28750 14
29101 55
29391 50
30600 21
31031 161
31453 85
32142 168
32303 234
32571 78
33004 84
33854 85
33867 153
35163 74
35565 96
37221 215
37819 179
38305 155
38629 170
39624 169
39653 83
40330 229
40917 210
41150 179
41275 124
42290 178
43306 61
44725 110
45566 13
46792 108
49729 105
51229 157
52142 3
52570 219
53607 70
54919 66
55106 170
57845 70
60810 42
61741 25
62540 105
62971 224
63263 169
63417 82
63719 220
65866 38
66402 215
67546 208
68004 60
68396 94
68942 17
69062 31
69980 157
70705 18
71188 199
72548 66
72620 96
74394 25
75181 76
75815 46
78205 147
78552 220
80158 82
82597 33
84050 204
84997 122
85036 238
85539 7
87250 104
87473 45
87558 168
87609 59
88625 103
90429 83
92733 41
95500 176
95531 165
95817 2
97620 173
26 667124
688 568
697 742
701 441
708 325
714 573
719 366
722 519
729 562
731 343
739 472
742 418
750 279
756 403
758 424
766 356
772 344
778 424
783 433
792 221
801 382
807 143
816 291
819 175
829 209
836 482
837 70
200 1000000
-100000 46
-98719 66
-98201 36
-97118 35
-97111 79
-96795 35
-95333 64
-93471 65
-90183 33
-90085 61
-89203 50
-85195 39
-84551 66
-82883 84
-81747 28
-79608 93
-79342 35
-78164 64
-77642 38
-77494 34
-73454 30
-72801 30
-70206 37
-68965 40
-68390 28
-68338 56
-67521 83
-67322 25
-67189 50
-67101 21
-66096 31
-66013 44
-65395 17
-64896 51
-64669 65
-63939 67
-63739 34
-63304 47
-61931 64
-61715 39
-61376 50
-60726 46
-59669 60
-59486 96
-56170 68
-54612 45
-54446 59
-53976 34
-53868 35
-53631 53
-52403 46
-50841 54
-49221 41
-49158 69
-48926 84
-48452 27
-48120 65
-47263 29
-44766 55
-43839 45
-42957 74
-42753 36
-41790 26
-41575 34
-41158 75
-39278 54
-38943 88
-37594 18
-34467 39
-34301 31
-33785 25
-33100 65
-32788 45
-31882 44
-29883 27
-28149 17
-24587 83
-24152 33
-22365 40
-22148 81
-21134 63
-20678 54
-19896 85
-19569 93
-18311 36
-18242 73
-17421 37
-14011 88
-12963 28
-12498 27
-10179 72
-9800 49
-9052 71
-8436 39
-5913 69
-4203 79
-3800 37
-2687 23
-1565 69
-1241 56
-854 30
53 21
169 77
1218 78
2033 58
2073 28
5161 30
6247 26
6830 87
7280 58
8366 8
8974 40
10668 41
12351 36
12566 24
12611 63
12999 41
13031 17
13331 87
14552 44
14873 35
16108 59
17316 60
18303 42
19507 17
19555 52
19607 29
19616 26
20620 22
20834 52
21832 37
22617 73
25385 59
25663 37
26701 47
29322 67
29799 41
31308 47
33209 93
33780 51
34053 30
34190 69
35560 62
38440 82
39155 36
40192 62
40800 14
42406 25
42558 57
43163 66
43974 57
45252 93
45580 61
45763 30
45771 33
47112 53
49245 22
49545 43
50166 45
51327 29
51416 73
53803 94
55728 34
56906 45
58194 48
59417 56
60490 85
61268 33
61272 88
63031 27
63951 74
64309 34
65129 85
66546 90
68018 32
75077 45
76121 58
76122 28
77000 62
78276 77
80072 84
80573 42
82114 41
83258 48
85145 73
85415 20
87214 73
87578 19
87638 30
87761 34
87856 47
88225 53
88420 72
90008 45
90637 71
92992 38
93533 39
93698 27
96216 31
100000 82
36 13
-99792 1
-88312 1
-86271 1
-82256 1
-76190 1
-71002 1
-47582 1
-47288 1
-45544 1
-45458 1
-35099 1
-24905 1
-23678 1
-20952 1
-20744 1
-16431 1
-7683 1
-2388 1
4686 1
18896 1
20536 1
26415 1
28331 1
37074 1
37630 1
39258 1
43679 1
50718 1
61713 1
63045 1
66179 1
68219 1
82130 1
86414 1
93680 1
96768 1
95 2
-187 95
-183 68
-180 123
-171 167
-170 59
-168 130
-167 177
-166 87
-163 30
-162 112
-156 60
-154 70
-151 154
-141 98
-134 198
-124 57
-120 53
-118 40
-117 135
-113 175
-112 99
-108 137
-107 95
-97 139
-95 87
-94 153
-89 98
-84 152
-80 97
-76 146
-69 118
-64 96
-59 122
-54 109
-51 159
-46 73
-44 137
-43 25
-42 109
-39 171
-38 190
-36 85
-29 85
-27 187
-17 136
-14 66
-9 83
-8 107
-5 108
-4 69
-3 162
-2 168
-1 16
9 107
18 87
23 26
24 180
27 49
40 59
42 80
52 53
54 61
57 57
59 75
60 41
64 136
76 163
81 128
86 138
92 178
95 132
98 59
107 78
119 43
120 133
128 143
130 118
131 59
132 59
140 129
145 95
152 161
153 154
155 68
156 87
158 47
161 124
166 124
170 51
172 131
173 156
178 56
180 86
184 111
188 96
1 703650
17808 5550
200 52
-99623 9
-98542 10
-97969 7
-97697 7
-96803 7
-96430 7
-95182 10
-94331 7
-94119 8
-93463 5
-91373 5
-91210 1
-91144 9
-89912 5
-87988 1
-86239 9
-85605 2
-84515 1
-84330 9
-84289 9
-81991 7
-81360 7
-81155 8
-81088 3
-77249 7
-76185 5
-73985 10
-73716 1
-71707 3
-71348 7
-65934 10
-65472 2
-64750 3
-62510 3
-62338 3
-59383 10
-57974 8
-57236 9
-53710 4
-52118 3
-50918 10
-50315 2
-48260 5
-48195 10
-45581 1
-45490 10
-45319 10
-42847 3
-42207 7
-42172 8
-41579 8
-40064 2
-37724 7
-37626 1
-36905 4
-36834 1
-36395 3
-36184 3
-35712 8
-32666 6
-32364 7
-32077 8
-31312 8
-31064 1
-29835 7
-29373 7
-29125 6
-28610 9
-26225 1
-25970 4
-25050 6
-24705 7
-23173 9
-22950 7
-21629 3
-20319 6
-18660 9
-14882 6
-14642 6
-13840 2
-13288 7
-13046 7
-11688 10
-11521 8
-9474 8
-8079 9
-7213 6
-3872 2
-3374 8
-529 3
-45 4
568 10
1312 2
1952 7
2130 4
6413 2
7844 3
10770 5
11244 6
12155 6
15423 6
15916 7
17114 1
18128 8
18211 1
19693 8
20205 10
20521 5
20556 5
21628 2
21633 6
21726 9
22269 4
23608 1
24508 6
26245 5
27272 2
28107 3
28626 4
28805 4
30146 3
31174 10
32103 2
32689 5
33215 9
34958 4
35959 3
36313 3
39824 5
40040 7
40753 2
41289 4
41482 7
41486 9
41754 9
47262 6
48155 4
50435 5
50551 2
51269 3
52007 9
53262 8
53344 7
53629 10
54446 6
54498 5
54562 1
56046 3
58895 8
59647 9
60133 4
60846 10
61014 2
61872 6
61982 5
62242 6
62439 5
62525 7
63074 5
63297 7
64424 4
64447 8
65200 3
65814 6
66870 3
67118 9
67953 10
68698 8
69535 3
71970 6
72145 5
72327 1
73204 6
73324 2
77676 5
77916 10
78332 3
79550 6
80783 9
81048 9
81123 7
81283 10
81663 8
82206 8
84285 5
84400 7
86013 6
88285 8
89030 8
89504 1
91519 1
92013 2
92475 8
92665 1
93191 10
93531 10
94881 10
97668 3
98251 1
98770 8
200 80425
-100000 2989
-99856 4252
-99253 3482
-98681 6174
-97411 4689
-95818 3874
-94515 4764
-94048 1393
-93846 4433
-92226 2633
-92100 3340
-91929 5072
-91797 2786
-89853 1587
-89771 3332
-89213 3089
-89045 1630
-87371 8577
-85649 3772
-85142 7365
-84132 6457
-80383 3572
-79278 5235
-77159 2312
-76449 8171
-76095 5890
-74505 5911
-74504 7376
-73056 7147
-72241 4215
-70576 3858
-69579 5561
-69460 3259
-68303 4244
-67023 3853
-65524 5174
-64650 8365
-63587 7175
-63335 5741
-61552 8615
-61412 5232
-61238 2865
-60596 9349
-59902 4387
-57955 2588
-57827 6325
-56854 5224
-56753 4811
-55953 7412
-54699 7950
-54495 2656
-53873 7544
-52910 2712
-52599 7111
-51193 4011
-50896 6551
-50749 4691
-50699 4228
-50386 6518
-49199 3624
-49190 4459
-48824 3515
-46255 6367
-46203 7602
-45852 4435
-45651 8607
-43294 2281
-41355 1790
-39949 4881
-39495 7126
-39088 5577
-38908 6760
-37497 3307
-34047 5549
-32642 5635
-32592 7644
-30942 1143
-26770 4003
-26299 2654
-25514 7906
-24171 7626
-23793 7749
-22035 2936
-20899 2342
-19936 8004
-19649 3276
-19285 4965
-18763 5997
-18010 4074
-17820 4303
-11307 2855
-10488 6112
-9524 8066
-9038 1704
-6246 5239
-6040 6525
-5645 4612
-3841 5847
-3675 2582
-74 5202
496 917
867 6437
1705 4564
2618 6229
3074 6730
3118 7974
4280 2684
4534 8029
5026 6825
5721 8185
8899 3104
9385 2610
9877 2929
10202 2896
11480 1968
12591 3538
12629 5004
12636 3636
12696 6883
14850 5145
16408 9065
17140 3845
18146 7488
18766 722
19289 2966
22027 6536
22170 3877
22710 2294
22739 3819
24949 2270
25002 3275
26968 4151
27833 7530
29938 6952
30294 7660
30311 4832
30705 5019
32133 6623
33186 1247
33740 5180
34726 6156
38234 5166
41779 8262
42842 5169
42875 8480
43193 6583
43981 4950
44494 8692
46324 6257
48551 1828
48568 5745
49345 5532
49733 1787
49787 924
50036 6044
51164 8121
53669 1578
53741 4462
55352 4629
55850 3754
56408 3134
57490 5859
58738 1961
59817 2118
60322 3358
61303 5373
61792 4126
64001 4645
64750 7543
66559 5772
66699 7827
67410 3150
68766 4043
69117 5723
69639 8360
70027 3299
70678 8655
73541 3879
75185 8230
77723 3811
78304 8396
79823 6029
80370 4130
81028 4365
81125 6052
83061 6271
83584 3495
84779 1751
85208 3961
86256 2785
88372 6939
89475 5369
90380 5308
91308 8185
97762 3108
98576 5286
98764 2472
98795 9454
99440 9023
100000 2588
