100
6 1998053
6 3301455
6 8004001
6 0060004
1 21
6 2011901
2 241
2 301
6 4064895
0 1
6 7000001
1 09
0 1
1 71
5 022211
6 1700001
2 201
4 71001
6 1090001
6 0000031
3 1221
6 8000601
0 1
6 5000031
3 1111
5 160071
6 0080001
6 5132491
6 6026284
4 60876
5 541791
6 6000901
2 508
6 5000004
0 1
6 0000001
1 21
6 1111111
6 0000001
6 7204326
0 1
6 2222201
2 001
5 110011
6 0000901
6 3008101
6 0001001
6 0000001
6 0000001
6 2120212
6 9999999
6 0000001
0 1
6 0000001
6 2100101
3 0001
0 2
6 0000001
6 0080001
6 0000082
6 0900081
6 4009001
6 0000005
6 4358138
2 508
1 21
1 06
6 0000011
3 7089
3 1111
6 3300945
6 2445716
3 0051
0 1
4 53085
0 7
6 1202221
6 1021222
1 11
6 5000101
0 8
6 8245726
6 0000001
1 01
1 62
6 1111111
6 6560387
6 0200202
0 2
6 0000001
6 5006001
6 1122122
1 21
6 3969016
6 0000008
5 300001
0 1
4 11111
5 701901
6 1121212
