9324892342
1334343293
3524523454
2634232043
0343259235
2454502352
4563589024
7354354256
9343221234
2653560343
---
9324892342
1334343293
3524523454
2634232043
0343259235
2454502352
4563589024
7354354256
9343221234
2653560343
---
9324892342
1334343293
3524523454
2634232043
0343259235
2454502352
4563589024
7354354256
9343221234
2653560343
---
9324892342
1334343293
3524523454
2634232043
0343259235
2454502352
4563589024
7354354256
9343221234
2653560343
---
9324892342
1334343293
3524523454
2634232043
0343259235
2454502352
4563589024
7354354256
9343221234
2653560343
---