100
2 99.9997 42.5778
99.9992 14.4414
41.7874 42.5778
2 0.0008 15.4557
0.0003 32.1070
99.9992 15.4366
2 0.0004 55.6274
0.0007 29.0420
65.9363 55.6274
2 96.7608 1.9765
9.2220 29.5219
17.9074 91.6173
2 59.1081 96.8236
85.9566 98.5488
45.9915 93.5993
2 18.6990 47.3274
88.0728 18.1567
91.0064 47.3271
2 0.0004 49.5800
0.0009 37.5821
0.0001 49.5800
2 26.0638 6.0692
17.8149 2.8305
48.0276 7.2705
2 93.8012 50.4844
99.9999 50.4844
100.0000 50.4844
2 99.4808 76.9326
99.9999 76.9326
100.0000 76.9326
2 100.0000 65.1586
0.0001 65.1587
99.9999 65.1586
2 0.0009 8.2773
0.0002 8.2773
0.0007 77.4011
2 0.0007 39.8174
99.9997 26.8087
99.9999 39.8174
2 0.0006 25.4525
0.0002 25.4519
0.0008 3.4019
2 0.0004 23.3827
0.0006 32.6741
43.0856 23.3827
2 99.9999 66.5031
99.9993 66.5031
0.0003 31.8309
2 0.0001 0.1001
0.0001 0.1000
0.0001 0.1003
2 43.7429 41.4919
28.7058 58.0444
61.4236 41.4929
2 99.9991 15.0454
0.0002 15.0454
0.0007 20.9144
2 69.8889 9.6596
47.2753 9.6596
45.2217 9.6596
1 14.3069 99.9000
86.2597 82.7859
2 0.0006 32.1590
0.0005 37.7525
99.9997 26.5655
2 0.0004 33.5072
99.9992 48.6336
99.9992 18.3808
2 99.9991 30.3990
0.0009 30.5139
0.0002 14.0841
2 99.9994 41.5310
99.9994 57.8284
39.4439 25.2335
2 99.9992 68.6100
99.9999 98.6475
99.9991 68.5260
2 100.0000 88.3983
0.0001 88.3983
99.9999 88.3984
2 99.9990 4.8005
99.9995 26.0565
0.0009 4.8005
2 99.9999 16.9605
0.0004 17.0242
99.9991 14.4951
2 99.9994 26.5795
99.9994 26.5795
0.0011 91.7778
1 93.2797 55.5936
70.7111 55.5936
2 0.0003 8.6195
0.0009 43.8037
99.9994 8.6195
2 54.5024 70.2008
99.9999 70.2008
100.0000 70.2008
2 99.9996 74.7258
99.9998 52.7882
100.0000 96.6634
2 99.9990 14.4707
0.0001 55.1819
99.9995 14.4514
2 0.0004 31.5975
99.9998 31.5514
100.0000 73.0847
2 53.1605 78.5037
41.2315 40.8003
82.3382 40.8003
2 0.0002 94.2654
91.3927 94.9287
99.9992 30.2053
2 99.9994 37.2902
0.0008 37.2902
77.7669 7.2442
2 99.9997 85.6783
0.0009 85.6783
19.2189 48.1032
2 30.0000 65.4321
0.0001 50.0000
100.0000 99.9000
2 0.0003 42.0979
0.0004 72.5842
99.9998 11.6116
2 99.9991 62.0349
0.0007 62.0349
0.0002 55.0723
2 99.9997 24.0701
99.9996 1.8529
0.0004 24.0701
2 0.0002 91.1636
99.9994 96.7533
0.0002 85.5738
2 0.0006 43.6930
99.9996 43.6930
99.9994 4.2703
2 0.0010 36.4858
0.0003 15.4687
0.0007 57.5029
2 99.9995 12.1355
0.0010 55.1478
0.0001 12.1355
2 0.0006 59.6694
0.0005 99.1450
0.0002 20.1938
2 0.0005 11.3241
0.0006 11.3241
0.0005 1.5423
2 99.9995 64.0782
99.9999 64.1776
99.9998 58.8137
1 10.0000 50.0000
0.2000 50.0000
2 0.0001 77.2831
0.0001 97.3911
0.0001 57.1751
2 99.9999 17.9064
99.9999 78.8572
57.0834 17.9064
2 100.0000 65.1587
0.0001 65.1587
99.9999 65.1586
2 99.9991 24.6903
0.0002 24.6903
99.9995 83.5344
2 0.0011 20.8428
0.0003 59.9368
0.0008 20.8157
2 99.9995 9.0700
99.9997 9.0700
99.9994 43.7244
2 0.0003 88.3875
0.0001 88.6595
0.0011 73.9196
2 99.9992 54.7846
0.0002 59.9268
0.0004 49.6425
2 0.0005 73.0055
99.9999 34.8993
99.9995 73.0055
2 99.9995 28.7422
80.3785 0.1692
99.9999 28.7422
2 0.0001 44.9511
81.8883 58.4367
65.7669 31.4654
2 99.9999 40.0722
99.9995 47.0228
0.0007 40.0733
2 0.0009 5.9152
0.0009 31.7854
36.2472 5.9068
2 99.9998 44.9488
0.0006 1.6677
99.9997 44.9488
2 0.0008 89.8164
0.0009 52.1507
99.9990 89.8164
2 0.0009 37.7679
0.0001 58.2678
99.9994 17.2680
2 100.0000 75.6127
70.0263 75.6127
27.0364 27.7990
2 0.0001 90.1058
0.0001 16.7056
59.8682 90.1058
2 100.0000 79.5007
33.4890 83.2708
48.7817 75.7306
2 0.0011 81.2651
99.9997 81.2651
99.9993 77.9139
2 99.9997 34.5234
99.9992 69.2676
0.0003 34.4830
2 0.0008 24.3273
0.0011 24.0156
99.9997 24.3716
2 0.0007 43.8056
99.9995 43.8056
99.9992 91.4255
2 100.0000 88.3984
0.0001 88.3983
99.9999 88.3984
2 47.0386 24.1210
15.3232 24.5867
54.0004 33.5236
2 40.0871 0.1000
95.4816 67.4096
16.5887 0.1000
1 44.6769 99.9000
92.1497 99.9000
2 99.9999 84.0984
99.9990 8.3194
99.9995 84.0984
1 84.7646 54.0641
86.1806 54.0651
2 99.9996 56.3503
0.0006 86.2342
0.0002 56.2782
2 15.7429 0.1000
27.3496 61.1543
43.3317 58.8494
2 0.0007 74.8357
99.9990 74.8357
99.9998 45.3387
2 0.0001 0.1000
0.0001 0.1001
0.0001 0.1002
2 99.9993 95.1875
0.0006 95.3252
99.9997 56.4963
2 0.0008 71.3945
99.9994 71.3945
0.0006 63.4302
2 99.9991 40.0186
0.0009 4.4116
100.0000 75.6257
2 99.9991 42.8773
99.9998 13.6502
99.9999 72.1045
2 0.0008 15.4760
4.4433 15.4760
0.0005 37.2085
2 99.9997 4.5261
99.9999 4.5261
99.9995 49.0880
2 30.8538 91.3080
0.0007 2.8729
100.0000 91.3086
2 21.6064 73.6281
0.0001 73.6281
0.0002 73.6281
2 0.0005 94.3122
0.0003 24.6752
0.0008 94.3122
2 99.9994 44.7494
99.9993 75.2986
0.0001 14.2003
2 0.0011 90.3018
99.9994 65.6692
99.9999 90.4057
2 60.1000 59.0388
44.0878 9.4590
33.0442 96.8771
2 5.0000 99.9000
30.0000 99.8999
20.0000 99.7000
2 99.9999 9.1551
99.9996 9.1445
0.0006 71.1881
2 99.9994 36.1418
0.0006 36.2334
0.0011 33.6948