100
1 4 2
1 7 7
2 5 1
9 4 3
20 4 3
9 19 4
2 16 5
1 12 6
20 10 1
12 13 2
4 20 3
10 10 2
10 20 10
1 6 3
10 20 1
2 11 3
18 13 9
12 16 9
20 1 1
1 13 5
4 6 1
16 11 6
6 14 3
17 17 13
17 10 1
1 8 4
15 1 1
10 8 5
12 4 2
1 7 1
7 9 5
20 15 2
3 8 4
8 13 11
11 20 20
1 15 4
1 7 6
1 20 7
2 8 3
20 20 1
17 11 11
1 20 20
8 9 1
13 19 10
14 15 1
10 17 11
2 9 1
1 6 6
20 10 10
2 10 10
9 13 10
18 18 15
13 11 8
13 3 3
1 7 7
11 12 9
1 20 10
9 13 13
9 16 16
20 20 10
18 4 2
12 17 17
1 7 2
1 6 2
1 7 5
8 7 4
14 10 10
1 20 1
13 6 5
13 3 2
2 10 5
2 17 16
15 16 5
1 7 4
18 3 2
20 20 20
10 14 4
2 5 3
17 11 5
15 12 7
7 13 6
1 6 4
10 20 20
3 1 1
12 10 7
6 19 12
1 7 3
19 11 10
9 2 2
18 10 2
1 6 5
1 6 1
1 12 8
13 11 3
9 9 1
18 14 8
3 16 16
1 14 6
11 9 9
13 7 3
