100
53 4 52580214
71 3768 203567 10992582
6 7 41579118
61 396 2804 19594 137207 960427 6722966
1 1 1000000000
1000000
21 18 687134151
469164278 538023711 676789169 678860596 686179404 686310434 686677288 687119292 687125867 687126156 687126932 687127991 687128632 687132924 687133502 687133967 687134091 687134127
22 4 12956122
91 2014 46390 1066987
42 5 461282110
12 512 22058 948459 40783723
77 4 233428937
10 827 64537 5033873
100 17 619628112
467967042 567804653 582918339 615350322 618079954 618285045 618701376 619466744 619574582 619615229 619627697 619627748 619628028 619628082 619628087 619628099 619628111
6 10 766730077
5 119 781 5518 38577 270062 1890410 13232873 92630158 648411053
83 23 634279833
404313074 440819520 480466461 593272622 606055887 613790694 632232359 632575627 632852007 633947742 634157600 634170180 634242379 634278455 634278805 634279043 634279458 634279618 634279665 634279702 634279819 634279831 634279833
1 1 2
1
95 26 286475995
116014847 206215114 227931906 248544851 264966416 277832733 280844698 281830989 285906212 286004889 286213145 286444705 286471964 286473153 286475256 286475315 286475815 286475874 286475918 286475922 286475930 286475939 286475967 286475976 286475984 286475995
6 7 39943930
56 409 2836 19820 138822 971721 6802061
41 19 997143993
275135189 357253190 476598189 596895409 764137219 909292470 994348183 996781029 996821148 996863736 996988400 997127531 997135194 997141298 997143462 997143947 997143970 997143991 997143993
5 27 695928878
214291194 239969198 488877897 515124806 677304454 683768178 693857372 693893324 694118764 694830596 695289156 695809115 695835475 695865139 695876264 695884102 695911194 695928700 695928773 695928822 695928829 695928838 695928842 695928868 695928871 695928874 695928877
1 1 1000000000
10000
1 2 3
1 2
13 13 147351327
100119684 139137248 144120010 146219432 146477994 147052190 147334993 147346113 147348020 147348619 147350937 147351200 147351259
1 2 18
4 9
7 6 13138503
65 492 3953 31590 252735 2021878
9 6 43167939
70 669 6707 67050 670537 6705387
46 22 707038615
413340543 703008325 704515004 705403669 706188634 706702436 706747245 706812137 706879939 706955602 707028870 707032647 707034499 707037297 707038541 707038600 707038605 707038608 707038610 707038612 707038614 707038615
2 15 290510340
42 96 297 936 2837 8510 25512 76490 229484 688473 2065428 6196299 18588836 55766552 167299666
81 17 768280143
177000656 700259950 737592160 750263381 763338506 767802973 767853982 767937477 768197060 768227727 768253529 768263394 768278996 768279510 768279989 768280072 768280116
48 23 331537235
287294376 306181867 315896683 327433128 327888731 330507831 331199098 331438626 331516178 331524833 331528810 331533956 331535897 331536476 331536672 331536919 331537168 331537169 331537206 331537223 331537229 331537233 331537234
3 11 107491034
53 161 666 2735 10909 43593 174366 697512 2790026 11160112 44640484
1 1 30
30
35 5 789568838
60 2190 78776 2835958 102094508
75 15 402867144
143626766 239973333 291425401 292218018 394569121 400365138 401226695 402299666 402591146 402760150 402762538 402778432 402865615 402866878 402867135
74 4 971148677
96 7119 534001 40050066
15 20 803007793
417922696 779057328 789408300 802021203 802108001 802214650 802949954 802955681 802978937 803003860 803005917 803006969 803007650 803007671 803007695 803007709 803007720 803007784 803007791 803007793
36 20 596671233
237723334 264845590 317039511 562437097 582839488 584292108 592462965 594672878 596573652 596670017 596670739 596670823 596671028 596671059 596671120 596671176 596671188 596671229 596671230 596671232
85 21 845348410
652413306 818801985 833012860 840231623 843718560 844011178 845078768 845176661 845287244 845310736 845334100 845338514 845341092 845347596 845348051 845348093 845348186 845348219 845348315 845348368 845348410
1 5 5
1 2 3 4 5
91 26 296475900
206357346 240623012 288325968 290857613 293672368 294687689 295499604 295997853 296306996 296336903 296395861 296439554 296451780 296469181 296471435 296472359 296472369 296474671 296475354 296475688 296475822 296475874 296475885 296475888 296475898 296475900
16 5 14506378
68 1161 19748 335635 5705814
19 18 559877813
426306778 524794990 540499499 557587808 558342493 559161186 559250483 559760648 559807012 559859738 559865513 559871637 559874923 559877454 559877551 559877649 559877713 559877805
44 4 175488579
99 4404 198145 8916554
61 13 369076019
326756466 366217164 368520343 368892535 368962449 369016084 369075060 369075906 369075926 369075958 369076004 369076006 369076018
3 11 140221534
40 159 642 2550 10232 40948 163758 655072 2620294 10481159 41924615
1 5 16
1 2 4 8 16
5 7 5844480
56 345 2036 12260 73522 441105 2646691
2 12 6858289
13 53 153 500 1523 4548 13658 40917 122820 368395 1105258 3315683
9 6 21483636
44 401 4073 40726 407283 4072763
7 7 26628018
94 747 5890 47123 377015 3016094 24128819
23 20 446248117
133659627 321131475 390392971 425765720 426377693 435800960 445272134 446103245 446129189 446244952 446244997 446246199 446246737 446247417 446247563 446247713 446247761 446248110 446248111 446248116
4 10 264539902
81 356 1809 8997 44989 224998 1124935 5624686 28123433 140617139
83 11 152721892
130048677 145295595 150758897 152693010 152703038 152710283 152710374 152719554 152720056 152721669 152721855
99 3 24726371
34 3429 342858
1 5 100
3 6 12 25 51
40 5 43874092
9 407 16692 684352 28058420
50 19 986344114
350804788 551867115 798656041 901218292 965863860 979220405 979269006 980171874 983089657 983917109 984154826 986333734 986338387 986340523 986340766 986342734 986343637 986344064 986344104
77 4 554158268
70 5469 426581 33273332
57 20 944642080
712998414 748523139 834843648 852140125 853026013 873811829 894721990 932599337 944500599 944525920 944573426 944591059 944631928 944639450 944640565 944641080 944641361 944641992 944642066 944642080
2 14 176925154
58 210 597 1785 5335 16059 48120 144351 433108 1299302 3897891 11693687 35081089 105243218
84 24 868133488
38141617 561870865 640868409 713876776 791733446 852386156 856783550 859373796 864325732 865744600 867945343 868024712 868060723 868071620 868075109 868081207 868095078 868122950 868129847 868133061 868133176 868133308 868133401 868133488
76 15 231129809
37915025 117859712 127211720 221136410 221568015 223658901 231040975 231124093 231127081 231129240 231129453 231129631 231129690 231129744 231129794
18 6 81527148
17 399 7580 143966 2735364 51971912
71 28 249498934
176990101 228926589 231375831 239307763 239394200 247030223 247099004 247292271 247817677 247827431 247835053 248665768 249009169 249118454 249195038 249450766 249474348 249475754 249486399 249488732 249490446 249495922 249496859 249497607 249498730 249498849 249498902 249498914
2 15 268784601
258003235 267455330 267729560 268013958 268372407 268613565 268680155 268753077 268761681 268771583 268781499 268782876 268784260 268784479 268784566
11 6 139703431
85 949 11425 137145 1645698 19748383
43 5 402979020
12 549 24175 1063651 46800730
60 4 98812369
97 5880 358673 21879040
94 27 719836081
437580080 464592343 477860619 505549614 706696618 715225237 719686789 719760735 719772310 719778081 719813092 719825512 719831673 719834045 719834991 719835082 719835597 719835895 719835973 719835976 719836011 719836030 719836056 719836059 719836078 719836079 719836081
9 8 918982431
82 799 7941 79429 794351 7943512 79435078 794350784
63 5 881035445
2 177 11340 725743 46447575
1 4 16
1 2 4 8
36 19 504272030
312459438 343876417 381097800 391980489 398733740 447765633 468670105 472109176 487416181 503565107 504208752 504227528 504268747 504270325 504270901 504271532 504271763 504271903 504272004
13 6 483113578
82 1083 15202 212859 2980031 41720344
2 14 344447132
82 212 656 1946 5851 17499 52577 157719 473101 1419315 4257953 12773888 38321635 114964870
7 8 175822522
65 482 3870 30930 247465 1979725 15837768 126702194
22 18 687624860
127379064 201276099 500719788 527383997 602458619 618367545 644341817 652201378 684726892 685073101 685903021 685980155 687518119 687606473 687609666 687615731 687624638 687624820
47 7 279505217
277347498 279394950 279482823 279504112 279504626 279504834 279505165
49 4 54268204
67 3378 168833 8441662
1 3 6
1 2 5
1 5 30
1 2 4 8 15
85 18 941520347
619975173 894316842 902652911 923658135 932189005 936713615 941217377 941237814 941337670 941367303 941515341 941519563 941520034 941520271 941520310 941520340 941520341 941520346
2 1 3
3
26 5 64320061
78 2076 56077 1514098 40880578
15 20 983800625
8904443 855461492 922672002 974382549 981305649 983369161 983388055 983564852 983635803 983652861 983778651 983790425 983798050 983798251 983799096 983800031 983800484 983800552 983800600 983800622
43 15 497385729
377717366 405642815 441069011 453339160 455964901 494222533 494674479 497288832 497350642 497378439 497385385 497385681 497385705 497385714 497385728
94 15 716115811
139014586 622024314 647181406 671608073 673455066 688277154 706382237 714072013 715875553 715962987 716046112 716083944 716114880 716115630 716115810
3 12 719800171
47 218 796 3204 12871 51446 205778 823085 3292390 13169529 52678121 210712463
43 14 128040615
101836842 113086450 125720954 127531269 127929222 127934717 127964943 128013082 128028568 128035724 128038160 128040344 128040535 128040611
23 21 663018580
15427374 175979161 334461786 614994286 622171008 661479724 661548729 662134843 662460348 662747050 662798995 663000380 663010344 663013343 663014380 663016362 663016813 663017850 663018538 663018575 663018580
8 25 278294643
102821934 140618779 186693196 252912333 277022095 278004911 278224772 278248530 278255890 278263941 278293404 278294300 278294461 278294594 278294595 278294598 278294620 278294624 278294626 278294633 278294637 278294639 278294641 278294642 278294643
27 18 742762850
292110367 666096914 719365616 741226335 741541804 742116192 742289342 742643744 742717930 742734182 742740125 742761247 742762484 742762579 742762693 742762789 742762829 742762848
1 6 100
1 5 10 25 50 100
100 100 1000000000
999999901 999999902 999999903 999999904 999999905 999999906 999999907 999999908 999999909 999999910 999999911 999999912 999999913 999999914 999999915 999999916 999999917 999999918 999999919 999999920 999999921 999999922 999999923 999999924 999999925 999999926 999999927 999999928 999999929 999999930 999999931 999999932 999999933 999999934 999999935 999999936 999999937 999999938 999999939 999999940 999999941 999999942 999999943 999999944 999999945 999999946 999999947 999999948 999999949 999999950 999999951 999999952 999999953 999999954 999999955 999999956 999999957 999999958 999999959 999999960 999999961 999999962 999999963 999999964 999999965 999999966 999999967 999999968 999999969 999999970 999999971 999999972 999999973 999999974 999999975 999999976 999999977 999999978 999999979 999999980 999999981 999999982 999999983 999999984 999999985 999999986 999999987 999999988 999999989 999999990 999999991 999999992 999999993 999999994 999999995 999999996 999999997 999999998 999999999 1000000000
2 13 75850685
79 200 584 1759 5292 15848 47593 142785 428335 1284953 3854861 11564633 34693944
1 1 7
1
10 7 84751601
32 418 4576 50350 553791 6091679 67008534
25 5 90709974
44 1168 30350 789088 20516346
24 20 882399574
532395680 786978615 788134615 844064914 873998148 882047259 882105470 882134631 882268978 882379175 882397547 882399464 882399487 882399492 882399546 882399552 882399560 882399562 882399573 882399574
2 4 64
1 2 7 63
73 18 929122261
885669514 888836711 889713909 904968074 912695376 926098856 928063357 928120711 928677674 928873811 928920412 928989551 929066529 929096265 929110467 929120349 929121792 929122259
9 16 682177418
311358383 549660267 638641029 671688654 676461044 679399070 681939494 681958300 682141117 682163026 682174016 682174386 682175770 682177214 682177333 682177403
40 19 975078783
436813340 824464109 961492402 971622278 972689997 973156157 974213559 974284326 974648726 974905577 975041961 975073653 975075736 975078142 975078146 975078216 975078705 975078780 975078783
88 14 518655700
23013857 411029472 492463923 512441943 514799955 516463825 518277655 518612691 518643493 518650404 518653743 518655608 518655668 518655700
1 2 27
3 7
