100
1 2 30
29 30
1 2 7
2 6
1 3 6
1 2 5
1 3 29
18 24 28
1 2 21
4 7
1 2 25
1 24
1 4 28
14 22 25 26
1 1 7
1
1 1 14
14
1 3 21
11 15 19
1 1 4
4
1 3 22
5 9 17
1 3 17
3 13 17
1 3 20
4 7 12
1 1 1
1
1 3 22
19 20 22
1 3 27
4 9 16
1 3 25
3 8 16
1 1 11
4
1 1 27
25
1 3 6
2 4 6
1 3 21
3 7 15
1 2 25
15 22
1 3 15
4 7 15
1 2 6
1 6
1 2 21
13 21
1 2 28
24 27
1 4 12
5 10 11 12
1 2 4
2 4
1 1 12
3
1 4 16
1 2 4 8
1 1 21
6
1 3 21
5 6 13
1 3 28
22 27 28
1 2 7
1 6
1 2 19
11 14
1 3 24
3 7 14
1 2 27
3 7
1 1 21
8
1 2 3
2 3
1 2 28
20 26
1 4 23
2 6 10 20
1 1 28
2
1 2 18
4 9
1 2 11
8 11
1 3 22
3 8 16
1 2 3
1 3
1 4 22
1 2 7 13
1 4 13
1 4 7 13
1 1 8
1
1 2 20
14 20
1 1 14
6
1 3 8
1 7 8
1 1 2
1
1 3 5
1 4 5
1 2 8
1 5
1 1 20
1
1 2 19
2 7
1 5 16
1 2 4 8 16
1 3 23
4 8 15
1 1 30
1
1 1 1
1
1 4 22
2 4 11 22
1 3 20
11 15 18
1 2 14
4 9
1 2 19
11 18
1 2 11
4 7
1 3 11
1 4 6
1 2 29
2 3
1 3 9
1 6 8
1 3 14
3 7 14
1 3 20
4 8 14
1 1 2
2
1 1 20
20
1 1 30
22
1 2 30
16 17
1 5 30
1 2 4 8 15
1 2 29
7 18
1 2 25
16 24
1 3 20
5 7 16
1 2 29
18 22
1 2 3
1 2
1 1 3
3
1 2 28
1 2
1 2 6
4 6
1 3 23
5 8 16
1 1 30
24
1 2 23
5 20
1 3 17
2 7 14
1 1 27
3
1 3 21
1 6 8
1 5 5
1 2 3 4 5
1 1 24
23
1 3 23
5 10 16
1 2 25
4 19
1 1 30
30
1 2 4
3 4
1 3 21
2 6 18
1 2 18
2 3
1 3 30
21 26 30
