27
AZ 128 3999 3000
ZA 128 3998 3000
ER 128 3997 3000
FF 128 3996 3000
GF 128 3995 3000
AX 128 3994 3000
XA 128 3993 3000
LF 128 3992 3000
LM 128 3991 3000
MR 128 3990 3000
RA 128 3989 3000
WW 128 3988 3000
AZZZZ 128 3987 3000
ZAAAA 128 3986 3000
PRTR 128 3985 3000
AFFDS 128 3984 3000
DIGIMON 128 3983 3000
dsdds 128 3982 3000
eqe 128 3981 3000
dad 128 3980 3000
functional 128 3979 3000
analysis 128 3978 3000
icecream 128 3977 3000
temperature 128 3976 3000
atlas 128 3975 3000
design 128 4000 2999
GG 128 4000 3000
