222
310832
517177
455779
909466
878886
895532
990352
747707
566600
523335
34592
786212
705926
684380
34984
725401
397819
392788
838572
146655
615706
156971
940258
875933
92780
46313
563786
175225
26426
279549
944966
424980
821918
28175
891318
806242
538867
116047
773926
653772
975161
650697
354114
242622
494072
324448
233536
890970
796593
900164
76230
467825
690692
750395
507962
873836
393303
532733
376856
305302
111472
545712
243070
729993
744943
19284
667947
278382
686237
119808
841020
332265
965647
518187
21920
142473
633408
739512
930999
113763
70077
995323
570838
584322
609148
794203
202
645431
635644
168935
328654
855233
991259
344125
866139
665717
585694
733826
938440
825699
898192
538553
823493
978298
335970
342236
421615
441385
716722
674576
367111
338175
784983
177429
201679
106764
18941
894579
609674
40096
775910
167386
731728
665716
119955
11445
41432
983747
629694
606880
719178
99849
238631
248048
537648
814651
743248
582560
226373
563084
109067
418992
245328
974084
929445
424319
478761
988276
959958
413428
278823
617225
15550
97393
663183
653801
378009
416983
908876
499668
405462
970676
476760
414699
257562
956653
119051
291696
140545
977701
748729
384119
305498
950446
716695
513278
354867
73492
457702
890567
91917
348322
238486
752856
976820
221991
125494
798271
256534
666972
155953
153212
708586
446013
122879
867941
485418
688532
309508
637653
452529
352597
727875
595379
40537
861122
72035
118131
441926
878531
793351
191172
841790
935072
67300
585056
4694
200059
846864
647389
401965
772512
158
