801
368732
534252
592099
549970
245070
296547
405012
381232
304414
313662
687391
783677
976800
744066
434769
845714
802632
739915
210736
481040
83493
671138
616081
938194
347275
567016
690246
603424
91362
33199
488782
68091
34117
307686
742066
30599
852361
857251
581110
117871
910439
913812
347047
833461
218837
16058
2204
454035
721169
762455
280065
101348
100507
687038
793492
993111
737656
971437
194147
573077
714768
843712
372645
787531
291678
396353
125723
804639
561438
822561
507724
730007
192549
130239
819772
376225
969800
688531
893286
392359
893442
768436
198629
912065
773857
671182
536284
138019
503691
822371
865285
940365
217907
91163
122382
339216
645624
670512
262655
238490
330795
670587
956009
128534
445190
333646
474424
241797
250304
260690
495712
942587
703399
100171
853726
295985
377744
861616
338438
839316
238886
842604
151351
516531
109345
105047
427842
54376
380455
180348
830377
573603
150016
623041
119832
224860
752759
628841
97611
784608
385515
958425
269804
530177
953722
757399
630371
676271
212587
886806
921470
153587
573240
830678
594808
800581
675023
53915
117792
791299
500591
800531
530097
92632
237574
751640
155519
605539
202590
285670
969841
560030
349284
126914
521572
687275
919390
614917
130155
582059
653913
729800
422810
522409
249665
948797
408133
860049
176568
549834
527343
629654
576135
928432
99571
180756
64679
291789
687993
879215
487938
167084
407628
299597
618739
489443
819230
750124
567382
377166
12651
230991
445454
713380
27608
950926
151857
699070
844989
886325
680008
322174
159898
551666
738781
869798
596129
401366
86630
196452
932201
795822
712879
910753
252542
195435
659411
517821
934408
283998
875480
993345
424002
501787
191446
517754
348769
287273
8549
695035
560784
479261
736802
147728
363622
87776
724064
154501
748501
772644
632565
960612
406153
748998
311560
637182
699369
442772
429247
186365
225740
543866
512233
4807
373660
568031
786783
950077
638970
575086
65106
612734
714207
185127
36393
94852
894140
547115
490173
908769
648377
477542
821222
763602
455912
348268
624169
790779
409606
860057
100964
650814
658616
428719
89677
620459
412816
676632
329161
954191
716047
14991
446274
946977
443878
884217
795924
824037
842701
974910
889909
456049
301199
10566
131759
93449
674955
472568
347262
393847
187899
288531
644115
693955
981714
677566
269019
895463
530018
765649
443969
991193
658178
261980
982515
464847
194032
594773
787220
971309
160143
865909
293591
796260
825282
307346
646175
715790
180009
182228
282234
150820
97583
831666
453205
648248
60646
301045
718120
441924
529380
146366
289576
311013
13995
659056
834313
163926
852294
377536
126711
178973
618200
382400
444254
760536
603670
472199
816233
70951
753863
667062
487295
836533
128816
421065
462608
571726
610543
540172
428299
591142
706344
479848
60687
555409
167607
722286
54205
968599
86952
773314
433862
128663
627002
893352
345950
459408
467523
93129
362512
683817
367185
749472
927680
987428
692112
17374
948358
201988
561952
943205
786226
52073
781035
448471
411709
759941
945690
605510
507928
158635
84876
263493
863186
880422
305173
954684
729112
861718
9501
189730
317707
12090
968896
180413
893020
473088
9113
381265
270722
868182
990156
866159
49480
98525
882080
557062
114316
898959
417614
128033
787228
168044
179188
443836
107207
371050
115062
826112
221671
201505
667440
888234
516632
569874
322666
217665
676542
354660
211131
533876
152804
626260
45689
995088
567804
466972
121038
649773
450825
37843
86239
980455
759673
763217
502424
387564
779550
319249
617142
727223
97462
803838
230032
791983
689609
68546
501461
680574
329367
136704
897594
808053
486785
200883
860340
648285
860452
295315
597276
151827
569428
369068
302214
691408
207699
69255
87701
990437
184869
548711
761807
985072
99192
882519
165370
544917
153614
212512
297982
710518
455943
174631
921258
667168
29288
920666
981143
842844
912922
577048
897531
529961
343208
423454
433336
730617
713410
69500
887131
407145
297037
574915
81614
557798
910601
299910
299220
968410
761524
422064
999813
267821
258179
71190
246316
23867
804100
436668
508179
445644
329078
392224
874330
457359
114805
733500
340619
349903
667444
782564
218344
564845
684095
565752
803539
269412
428821
779144
918068
880980
107918
350546
253647
746872
231604
677476
78869
270607
630801
6864
429899
181461
600648
209113
890136
280752
346699
793739
724373
271876
111984
750357
325171
643397
597487
7822
425028
896298
900052
699415
718892
586985
503279
302621
821870
282718
822767
442975
795746
894847
892982
725197
699830
340381
644722
125839
613913
721316
841289
353775
52065
811764
251158
540274
737025
309083
806197
787601
744379
178830
432749
243078
20297
330955
233078
83192
232344
676508
377988
157251
306511
438932
696994
970791
633511
841953
923676
570890
825911
136225
379351
799172
311391
101198
754156
867047
249453
572997
362765
825192
809872
74498
916435
566150
387695
402011
738237
681645
27389
132696
169407
227020
770154
269676
104294
734739
295316
389867
839217
83133
814345
399043
586470
35812
946850
262266
962215
206759
317891
569113
547195
159784
462093
608027
883887
898269
573345
282270
234470
159304
961634
115894
818196
756892
559955
971644
753379
351279
74375
793661
975456
903917
508118
804499
728413
667264
84926
677010
37247
244736
681885
364968
775972
117829
176180
171450
717091
783914
539315
518007
143264
75349
58826
430682
644294
714223
383693
737734
902496
191595
67496
16548
170983
567071
614631
356590
532203
843214
454169
884287
98096
727390
632892
438597
256327
414210
980408
1534
382430
115
