187
418234
201400
188430
815757
306173
241459
186903
309033
796290
668429
294708
781987
490716
128092
873410
248354
222821
465882
125512
876081
900802
519367
389061
646368
689056
580818
613337
383439
984339
202299
356777
324714
175583
343713
470447
352288
577710
351387
947115
577584
856389
594673
192022
66138
35347
649249
181316
173647
832102
659747
921406
867932
868266
139349
134159
900510
300558
919671
72341
84927
289083
353908
136597
159223
161619
798046
914554
155477
811572
785612
113409
156384
343817
366156
523791
865393
860728
976975
857242
427776
453254
617178
789274
786325
872761
578266
399123
466411
82389
741642
706686
825002
207790
761306
142897
949431
352244
445283
640014
19135
124648
586492
528000
906260
690121
510939
509630
280856
778143
984766
86897
506744
498696
360195
804777
99701
100593
689327
641261
38796
375419
959416
258982
83741
941056
834115
502429
112364
42178
551758
226941
373086
273959
561507
335837
337117
103335
165146
861456
771075
903147
296243
963690
234239
797789
129766
376307
285248
542222
374509
16568
855397
622602
663770
388009
576003
45150
123399
912834
802700
725226
708905
576557
222156
546680
442847
179831
148101
405169
835218
106347
160951
711808
394873
886039
814175
112719
964965
83908
870936
523126
306550
395379
207562
248542
89099
585657
60
