959
517238
52049
897445
347331
944732
131283
234332
648282
780042
894316
509342
294960
518548
896144
750692
86340
95905
917816
955064
182516
19067
699472
935021
579069
372618
92069
943166
943469
253940
56852
576414
354313
458515
899414
443562
479313
512055
339659
195478
13363
748289
440042
365619
531492
668367
915631
55893
580165
53968
970684
204088
884747
920137
560324
848199
715308
942715
816139
828729
624980
437713
407006
631795
902607
901501
117785
524922
857153
311840
711714
324779
525491
162706
837990
448182
843729
642584
70216
301507
465904
572878
314662
454211
51198
103275
908787
608448
123195
756138
96537
905841
110629
187556
101592
151221
169861
281837
511178
394732
580425
712354
934655
704688
945359
179983
832819
580042
358974
833821
432918
752914
118705
56584
912949
674173
190780
62644
828396
279613
921403
164838
193040
474244
218161
88125
808604
167956
711987
881977
294578
52775
4758
5492
405733
284200
561631
288134
237756
356440
227656
454764
4585
835109
642363
2276
907206
900885
19555
201492
866268
206764
259017
204973
297248
458058
126847
785404
295073
19271
341855
174496
492947
153124
481204
164892
825261
712102
233225
810327
934314
379359
395499
920503
963497
131326
551622
532083
181414
507767
448690
261552
976403
307811
61515
762649
402409
940705
499958
500283
348264
786476
549832
794880
376917
569308
322739
223201
531009
961316
362339
558756
312411
767134
191680
775143
262438
829973
497757
301941
890789
967604
343335
136429
237290
980930
166313
446183
697092
841239
880550
719741
905145
626889
109652
205088
825142
394731
641677
767059
801455
30723
9846
682622
679164
315690
54287
142262
303957
48735
608153
505691
343156
237201
443303
274081
899580
653768
442367
845504
27971
234956
332648
31408
543116
485469
151146
684266
858962
978652
818365
230150
708558
708720
556012
274810
656505
137103
465997
447271
604345
102472
285960
673991
410011
577372
146378
178794
47718
55364
806877
256634
948704
719307
53750
364342
370011
302691
41788
887626
57750
781250
908106
195618
828214
868270
747277
286825
223184
813138
257974
472208
877622
911008
196319
61601
131886
958400
313124
649420
239849
120190
372590
201406
195203
428870
243722
949305
907710
337252
544231
566428
975486
544947
751893
290128
220945
752361
467323
366675
197607
309602
262563
271232
268748
781808
497689
338906
773267
733630
827357
132177
422404
545490
173926
836969
875788
186358
291857
589019
55572
594047
255645
136372
708018
498421
89792
557959
768004
304860
941085
645622
952612
312313
366093
977285
329060
490914
135969
80184
949674
665703
294113
743266
560712
451476
321208
241674
659570
559737
473580
303681
664885
105268
242347
632868
280597
366099
672446
287348
713988
800903
332338
775239
845421
519800
68385
717922
888028
682393
906172
831988
688236
124306
332929
49060
767746
115081
304634
525161
526699
152773
704881
226542
105834
365208
253619
715871
769340
334073
567312
351705
164935
817500
226029
178320
615134
197841
215969
295928
399270
372440
379975
797628
820506
425391
392459
169231
27315
282481
124379
515465
964495
791115
719445
857533
190360
873650
214436
232987
782166
861152
66211
172384
36066
529741
936535
4215
531964
933942
755658
152111
366016
929191
643953
441659
344793
869946
550578
408213
682760
151453
279592
859823
416742
534285
355166
773557
505024
93831
254325
653229
353675
809513
45657
809733
580760
580177
29135
135617
930213
595814
58144
890696
135015
452487
582623
373464
329372
86220
619495
118423
980144
477860
924675
283294
987839
523801
52491
992698
899948
238659
560402
436303
583454
16654
949007
378999
109125
654499
738745
263122
646640
788498
465311
517577
850280
972028
336644
783074
459991
874979
238473
201694
257264
683771
429148
428403
708766
915510
834692
888549
342200
842087
165176
771524
323538
915943
304049
165898
149745
492876
674956
377902
979763
476556
653307
433462
607303
412844
291584
364315
458723
252361
496500
196194
910085
366974
980603
179511
337886
383635
619842
130470
826747
534381
56888
804827
843411
696696
16464
245736
327395
264962
881415
660636
483712
973039
189130
471432
333246
79423
507821
883759
987969
923413
727334
353617
373513
67413
139221
969154
816053
595458
645718
964052
980113
966180
463556
767087
747631
652105
61121
601031
759114
9639
945443
72670
587512
87782
373226
912757
871491
210923
884920
937920
57194
268802
828777
722583
457561
544857
763236
460221
69835
691051
58518
180032
972846
912819
354567
639690
53442
990988
984155
485326
132774
200624
798694
267631
57136
786803
650501
435634
619300
813640
448596
957998
397791
267448
862039
590885
345818
393807
41840
42943
305207
664566
648996
765407
697354
206294
406850
127788
917629
636009
168971
925139
123546
399743
975678
780281
994567
19293
521077
979856
121684
526123
698458
773037
892867
436228
884781
254420
952708
373770
182394
824080
458301
770853
212673
628217
634713
958642
760805
89892
635003
78040
785589
846711
605387
225465
655474
431093
559414
243341
208879
287221
728050
130246
667883
722866
666122
942743
501437
799232
919272
389571
758191
301104
44205
716187
203733
921780
731559
606936
715206
710247
33017
85329
792239
291281
147736
590523
902095
782358
884355
220497
905987
987089
302633
533495
863881
278987
903989
430780
930074
16574
389568
744702
497912
316902
575847
406978
156827
909004
442351
720355
475830
895485
787299
584610
105932
666591
565202
100389
924010
775499
835177
585016
241093
216059
437331
977988
26589
37671
537536
662999
549498
599785
41038
524403
626180
295271
65704
946297
400147
47152
7137
345832
909104
148845
131899
792632
667344
690457
450852
40899
141107
484837
741700
137544
751078
404462
470146
671821
186760
733681
76663
255697
906160
996389
290302
650485
450146
773671
469769
580003
14073
181686
59743
286938
217214
930900
243735
99428
598461
697749
728444
85645
222260
741416
898290
583337
682256
727171
970740
152046
940443
786306
121099
104404
800782
942204
257304
743828
671004
216839
935245
998134
827223
439320
463571
222079
83608
858825
269558
177528
34452
603466
626752
582200
522326
611210
260382
703915
923559
685601
187582
833906
727264
934153
83808
402814
953582
611408
321024
938002
500218
645887
681147
874276
848538
361293
423548
727553
455864
241598
510491
292113
807556
865385
469589
808948
839892
185915
351925
329488
689452
26830
599993
459605
735074
968412
483973
813647
661261
806799
59285
5027
326352
111130
227029
277811
391268
248057
227717
808914
445277
202983
349267
513573
13675
213895
986353
822509
744963
485801
150637
890631
331803
765143
587158
633212
650028
126688
699020
391469
908564
381659
369207
982966
433435
990453
324851
679135
387068
37774
959616
697494
566
